Epoch Time (Seconds),Time (Seconds),Frame Number,PSM1_joint_1,PSM1_joint_2,PSM1_joint_3,PSM1_joint_4,PSM1_joint_5,PSM1_joint_6,PSM1_jaw_angle,PSM1_ee_x,PSM1_ee_y,PSM1_ee_z,"PSM1_Orientation_Matrix_[1,1]","PSM1_Orientation_Matrix_[1,2]","PSM1_Orientation_Matrix_[1,3]","PSM1_Orientation_Matrix_[2,1]","PSM1_Orientation_Matrix_[2,2]","PSM1_Orientation_Matrix_[2,3]","PSM1_Orientation_Matrix_[3,1]","PSM1_Orientation_Matrix_[3,2]","PSM1_Orientation_Matrix_[3,3]",PSM2_joint_1,PSM2_joint_2,PSM2_joint_3,PSM2_joint_4,PSM2_joint_5,PSM2_joint_6,PSM2_jaw_angle,PSM2_ee_x,PSM2_ee_y,PSM2_ee_z,"PSM2_Orientation_Matrix_[1,1]","PSM2_Orientation_Matrix_[1,2]","PSM2_Orientation_Matrix_[1,3]","PSM2_Orientation_Matrix_[2,1]","PSM2_Orientation_Matrix_[2,2]","PSM2_Orientation_Matrix_[2,3]","PSM2_Orientation_Matrix_[3,1]","PSM2_Orientation_Matrix_[3,2]","PSM2_Orientation_Matrix_[3,3]",Camera Left,Camera Right
2025-05-15 15:27:41,0.0013239383697509766,1,-0.06551381,-0.00060161785,0.1140327,3.9360253e-05,-0.00021645683,0.012568421,7.964414e-12,0.035163354,7.3973e-05,0.0028098342,0.8382427008844426,0.00048715791520609765,0.5452971090067511,-4.980302948037654e-05,0.999999665160607,-0.0008168220934710002,-0.5452973243411463,0.0006575377097777884,0.8382424444697054,-0.00054849655,-0.002132251,0.107011996,-0.018526636,0.010742609,-0.022665443,0.746683,-0.045308225,3.2417294e-05,0.004780269,0.8771371367144687,-0.011743215995207175,-0.4800963864417575,0.018325650109058875,0.9997913293005946,0.009025984900856158,0.4798902103027564,-0.016715104948520163,0.8771693059621593,left_images/camera_left_1.png,right_images/camera_right_1.png
2025-05-15 15:27:41,0.0460820198059082,2,-0.06551381,-0.0006016161,0.1140327,3.9342733e-05,-0.0002164661,0.012568477,1.135712e-12,0.035163358,7.398095e-05,0.0028098323,0.8382428566687071,0.0004874261811231639,0.545296869291951,-4.9843740823170025e-05,0.999999664807477,-0.0008172518184920777,-0.5452970848624507,0.0006578758631258209,0.8382425999911135,-0.0005489812,-0.0021298777,0.10701259,-0.018526632,0.010742582,-0.022665279,0.7200147,-0.045307875,3.223765e-05,0.0047798185,0.877137260723087,-0.011741940586738497,-0.4800961910726401,0.01832551401164335,0.9997913099787356,0.009028401143786217,0.47988998883849254,-0.016717156524408097,0.8771693880262409,left_images/camera_left_2.png,right_images/camera_right_2.png
2025-05-15 15:27:41,0.08859872817993164,3,-0.06551381,-0.0006016115,0.1140327,3.934527e-05,-0.00021639888,0.012568423,7.1479185e-12,0.035163354,7.3973e-05,0.0028098342,0.8382427008844426,0.00048715791520609765,0.5452971090067511,-4.980302948037654e-05,0.999999665160607,-0.0008168220934710002,-0.5452973243411463,0.0006575377097777884,0.8382424444697054,-0.0005489972,-0.0021299243,0.10701259,-0.018526632,0.010742582,-0.022665279,0.6933464,-0.045307875,3.223765e-05,0.0047798185,0.877137260723087,-0.011741940586738497,-0.4800961910726401,0.01832551401164335,0.9997913099787356,0.009028401143786217,0.47988998883849254,-0.016717156524408097,0.8771693880262409,left_images/camera_left_3.png,right_images/camera_right_3.png
2025-05-15 15:27:41,0.13547754287719727,4,-0.06774529,0.008166648,0.11404618,-0.062426053,-0.061588492,0.04964395,7.539791e-07,0.035188183,0.00020429163,0.002824516,0.8549503418207077,-0.02190203790147652,0.5182472515666797,0.059662925820028814,0.9966292825782679,-0.05630637965737884,-0.5152671620657082,0.07905930586141921,0.85337528547144,-0.0005489972,-0.0021299243,0.10701259,-0.018526632,0.010742582,-0.022665279,0.6666781,-0.045307875,3.223765e-05,0.0047798185,0.877137260723087,-0.011741940586738497,-0.4800961910726401,0.01832551401164335,0.9997913099787356,0.009028401143786217,0.47988998883849254,-0.016717156524408097,0.8771693880262409,left_images/camera_left_4.png,right_images/camera_right_4.png
2025-05-15 15:27:41,0.180344820022583,5,-0.06895835,0.015334098,0.11410993,-0.11077552,-0.104893215,0.08021843,7.317637e-07,0.035190046,0.00020294369,0.002834036,0.866080775816691,-0.041168567222393294,0.4982060204710636,0.10306515335229868,0.989897341232857,-0.09736954341367565,-0.48916425045706863,0.1356775696015218,0.861574101967903,-0.0005489972,-0.0021299243,0.10701259,-0.018526632,0.010742582,-0.022665279,0.64000976,-0.045307875,3.223765e-05,0.0047798185,0.877137260723087,-0.011741940586738497,-0.4800961910726401,0.01832551401164335,0.9997913099787356,0.009028401143786217,0.47988998883849254,-0.016717156524408097,0.8771693880262409,left_images/camera_left_5.png,right_images/camera_right_5.png
2025-05-15 15:27:41,0.22772431373596191,6,-0.069486484,0.020539427,0.114191644,-0.14934976,-0.13473041,0.104436055,7.008477e-07,0.035187833,0.00018247473,0.002826577,0.8733415659394359,-0.0584183105123964,0.4835926076764731,0.13623058289970796,0.9824586112569745,-0.12734325836031885,-0.46767054374341327,0.17709426349798674,0.8659803025189695,-0.0005489972,-0.0021299243,0.10701259,-0.018526632,0.010742582,-0.022665279,0.61334145,-0.045307875,3.223765e-05,0.0047798185,0.877137260723087,-0.011741940586738497,-0.4800961910726401,0.01832551401164335,0.9997913099787356,0.009028401143786217,0.47988998883849254,-0.016717156524408097,0.8771693880262409,left_images/camera_left_6.png,right_images/camera_right_6.png
2025-05-15 15:27:41,0.27711987495422363,7,-0.069687866,0.024326568,0.11426844,-0.17937887,-0.15557076,0.12328281,6.4268204e-07,0.035183717,0.00015693519,0.0028148973,0.8780894506752165,-0.07271777349762965,0.47293872967906103,0.1612243794854736,0.9755530821961756,-0.1493414988443127,-0.4505170541415947,0.20738444791037075,0.8683467479598748,-0.0005489972,-0.0021299243,0.10701259,-0.018526632,0.010742582,-0.022665279,0.58667314,-0.045307875,3.223765e-05,0.0047798185,0.877137260723087,-0.011741940586738497,-0.4800961910726401,0.01832551401164335,0.9997913099787356,0.009028401143786217,0.47988998883849254,-0.016717156524408097,0.8771693880262409,left_images/camera_left_7.png,right_images/camera_right_7.png
2025-05-15 15:27:41,0.3262977600097656,8,-0.06973921,0.026996886,0.11433103,-0.20309521,-0.16961645,0.13838136,5.6063004e-07,0.03518466,0.00013246608,0.002801638,0.8814038697753893,-0.0850024194059946,0.4646523507312708,0.18057310712329785,0.9695963483630108,-0.16515530335097603,-0.43648662216476525,0.22947224219116855,0.8699551245523823,0.0003447646,-0.003914317,0.10701746,-0.09077002,0.021487385,-0.038276974,0.56000674,-0.045320403,3.6759448e-06,0.004774617,0.8805934567927138,-0.06965523670302765,-0.4687251986545043,0.08990853604895266,0.9957298704188939,0.020939921229733406,0.46526510614851996,-0.06058195404093906,0.883095808984047,left_images/camera_left_8.png,right_images/camera_right_8.png
2025-05-15 15:27:41,0.36896395683288574,9,-0.06973844,0.028860308,0.1143785,-0.22154513,-0.17840512,0.15165664,5.282169e-07,0.035200663,0.00010417204,0.002781407,0.8843453802672676,-0.09554694566313494,0.45695079557255125,0.19527056988957991,0.9647962399703156,-0.17617496948811912,-0.424031429182956,0.24502856264849399,0.8718706042478279,0.0021896686,-0.0045572137,0.10707865,-0.19198951,0.02604149,-0.068178065,0.53334045,-0.045305606,-9.02435e-05,0.004730083,0.8810191465890086,-0.1541355864435031,-0.4472666814499966,0.18893543677568245,0.9814023092600167,0.03395450057781765,0.4337149571711326,-0.11441909093689001,0.8937558993121213,left_images/camera_left_9.png,right_images/camera_right_9.png
2025-05-15 15:27:41,0.4121994972229004,10,-0.06971347,0.029948574,0.1144093,-0.23730962,-0.18283942,0.16320145,4.911003e-07,0.035226434,8.649251e-05,0.002760592,0.8867107885363893,-0.10599830080469524,0.4500092640376328,0.20794305803244845,0.9607885224063644,-0.18342600641214613,-0.4129208908608141,0.2562221212907118,0.8739831591352314,0.005110345,-0.003935657,0.10719198,-0.29397553,0.022874612,-0.10298345,0.5066736,-0.045210302,-0.00024638564,0.004682307,0.8738210998020002,-0.24045965021629923,-0.4226296749622273,0.28637605147534384,0.9569317164022673,0.04764921074689552,0.3929700277148553,-0.16266790329154018,0.9050490100301309,left_images/camera_left_10.png,right_images/camera_right_10.png
2025-05-15 15:27:41,0.45851588249206543,11,-0.06970957,0.030240316,0.11441458,-0.2507529,-0.18433917,0.17450593,5.1670236e-07,0.03527369,0.00011037674,0.0027471725,0.8892099703119367,-0.11585081137853695,0.44258809089352963,0.21859857788997075,0.9574200747447245,-0.18857747007606354,-0.4018958701483843,0.26443409382819927,0.8766722988545561,0.008754459,-0.0019812938,0.10732808,-0.40229988,0.0109623,-0.13244493,0.48000675,-0.04503131,-0.0004477572,0.004659431,0.852935836962682,-0.3326525151865348,-0.4022968582587257,0.3870351186239418,0.920127660344337,0.05974031821983827,0.35029169983960545,-0.20665767057945972,0.9135580617640847,left_images/camera_left_11.png,right_images/camera_right_11.png
2025-05-15 15:27:41,0.5197274684906006,12,-0.070086256,0.029279195,0.114333116,-0.26037532,-0.18355882,0.18785723,6.804589e-07,0.035365876,0.00024662318,0.0028057043,0.8931230742553066,-0.12324446720778501,0.4325990933132192,0.2252560588622444,0.9549963761869115,-0.1929809042773822,-0.3893467377269254,0.2698012653279007,0.8806908623625344,0.0132711185,0.0010630498,0.10749194,-0.5110638,-0.0065627564,-0.15119292,0.45334035,-0.044727404,-0.0006977431,0.004672723,0.8177817136088493,-0.4231190185729383,-0.3901324967352084,0.48422724464100464,0.8722125429554695,0.06905979625320381,0.3110579438534798,-0.2453886224604287,0.9181652245280358,left_images/camera_left_12.png,right_images/camera_right_12.png
2025-05-15 15:27:41,0.5761311054229736,13,-0.07127914,0.025798772,0.11406921,-0.27136645,-0.18173161,0.20715311,9.97148e-07,0.035530128,0.00067857455,0.0030475585,0.8990793571499791,-0.1307383957761352,0.4178083070220874,0.23164837621579001,0.9518872522243934,-0.20062325101862366,-0.37147723933421284,0.2771608394462979,0.8861075158997668,0.018231943,0.0038640008,0.10772714,-0.61615694,-0.022511141,-0.15397033,0.4266744,-0.044243276,-0.0009151604,0.004692805,0.7693874030375747,-0.5049279355255041,-0.39126819954226916,0.5732866353657027,0.8159797569053513,0.07429313583202397,0.28175425064791554,-0.2814690324825026,0.9172729833562066,left_images/camera_left_13.png,right_images/camera_right_13.png
2025-05-15 15:27:41,0.6329293251037598,14,-0.07316843,0.020905012,0.113679774,-0.2860306,-0.17880389,0.22946274,1.1154476e-06,0.035718042,0.0012700043,0.0034353873,0.9051073187678731,-0.14076529018341735,0.4012055266224655,0.2405682075315089,0.9475878957549805,-0.21024775229173098,-0.3505819148756942,0.2868140737450422,0.8915323931657587,0.023457685,0.005424962,0.10805021,-0.7231404,-0.033977896,-0.1425735,0.40000886,-0.04357355,-0.0010093467,0.0047020884,0.7067656716201152,-0.5803333398153387,-0.4045930055230095,0.6578665253992382,0.7494721954440086,0.07418263284267632,0.2601805530367345,-0.31859793306785955,0.9114830974112392,left_images/camera_left_14.png,right_images/camera_right_14.png
2025-05-15 15:27:41,0.682532787322998,15,-0.076423004,0.013893677,0.11312446,-0.3108235,-0.17001304,0.2607,1.4215982e-06,0.035936553,0.0020434211,0.0040193275,0.9116088617922166,-0.16055281800378407,0.37840728816044644,0.25749144133609997,0.9406156794572053,-0.22122454926593882,-0.3204176036683334,0.2991068975973369,0.8988145654522622,0.02757214,0.005164728,0.10843257,-0.8258993,-0.031227274,-0.120581895,0.37334287,-0.042776763,-0.0010086731,0.004701821,0.6358566728814397,-0.640429888311931,-0.4307387255737673,0.7317347234393061,0.6777179682039207,0.07254412510156455,0.2454599479861181,-0.3613141482564956,0.8995562796203109,left_images/camera_left_15.png,right_images/camera_right_15.png
2025-05-15 15:27:41,0.7445688247680664,16,-0.08314292,0.0033747174,0.11236692,-0.35307273,-0.15212125,0.30204773,1.579916e-06,0.03602428,0.0031262562,0.0049661547,0.9157934525879053,-0.1961013223380963,0.3505233566745216,0.288822139091666,0.9279851096268303,-0.23542601445336048,-0.2791131028232787,0.31684050828157945,0.9064810908917141,0.029075708,0.002810399,0.10881497,-0.9390404,-0.0044614626,-0.0934317,0.3466767,-0.04190192,-0.0009654468,0.0047464008,0.5502808841530721,-0.6882293154044302,-0.47279102989974625,0.8034521567528777,0.5905674063880145,0.07546370201151767,0.22727864031814066,-0.42139120533072727,0.8779372823414292,left_images/camera_left_16.png,right_images/camera_right_16.png
2025-05-15 15:27:41,0.8006649017333984,17,-0.09306331,-0.010246906,0.11150798,-0.40423077,-0.12972066,0.34529707,1.3584615e-06,0.035923004,0.0045247525,0.0062134294,0.9158386515763569,-0.23789781458631817,0.32348754859167933,0.32638447334752285,0.9103071391810993,-0.2545861109989758,-0.23390754548851228,0.33874111378894717,0.9113406157922311,0.03019656,0.000611999,0.10914126,-1.0557067,0.026384644,-0.083446264,0.32000995,-0.041095696,-0.0009820234,0.0048561916,0.4632152157913053,-0.7257902486996682,-0.5085864516007955,0.8660859958355275,0.4924253399126092,0.08609490362114411,0.1879540147935053,-0.4803600727625321,0.8566956804014934,left_images/camera_left_17.png,right_images/camera_right_17.png
2025-05-15 15:27:41,0.850670576095581,18,-0.10921131,-0.030010426,0.11054294,-0.46412584,-0.10275325,0.39324474,1.212497e-06,0.035426047,0.006592905,0.007978865,0.9122169800612011,-0.28256668718518557,0.2966753251977855,0.3667191559900624,0.8860185223656392,-0.2837044917778811,-0.18269439487285483,0.36759657957902575,0.9118637577861304,0.031732656,-6.613205e-05,0.10935599,-1.1723742,0.053503,-0.08167368,0.31314278,-0.040360495,-0.0010733234,0.0050807605,0.3748738122204227,-0.7537628780327157,-0.5397324787440212,0.9169145127476581,0.3874132400267688,0.09580583366730036,0.13688462742051236,-0.5308036408614764,0.8363672002321402,left_images/camera_left_18.png,right_images/camera_right_18.png
2025-05-15 15:27:42,0.9037189483642578,19,-0.13025932,-0.051964253,0.109525576,-0.50883776,-0.08132856,0.43667608,9.1169017e-07,0.03459303,0.008941022,0.010176234,0.9104463735957805,-0.3084786905715873,0.27555089959847967,0.3889930887446351,0.8650303842156423,-0.31687033829730243,-0.14061215351171102,0.3956808459440226,0.9075598550166384,0.031028064,0.00042618008,0.109416835,-1.2887357,0.091024816,-0.07253686,0.3041802,-0.039733715,-0.0011602084,0.0054488243,0.27957433367111845,-0.765076700319144,-0.5800826101350745,0.9560937249175784,0.2771445018472483,0.09526654328288836,0.08788049343045368,-0.5812474238434191,0.8089675216903387,left_images/camera_left_19.png,right_images/camera_right_19.png
2025-05-15 15:27:42,0.9546008110046387,20,-0.15199919,-0.072421454,0.108632945,-0.534868,-0.067113735,0.47083214,6.189031e-07,0.033645883,0.011132171,0.012384345,0.9120512373167461,-0.31610645224514605,0.26122643694308484,0.3942196172835913,0.8512965284963563,-0.3462442980307849,-0.11293110226049803,0.4187731264289047,0.9010414167635078,0.02677523,0.0017839031,0.10938785,-1.4041626,0.1541343,-0.057759553,0.2977894,-0.03913303,-0.001197588,0.006000937,0.17932710362911708,-0.7499840815716,-0.6366833336072142,0.9829307973081164,0.16362343097118826,0.08410957460626656,0.04109546942452724,-0.6408987831369475,0.7665245672294903,left_images/camera_left_20.png,right_images/camera_right_20.png
2025-05-15 15:27:42,1.0020711421966553,21,-0.17604282,-0.09347911,0.10788185,-0.5347052,-0.06316109,0.4911843,3.7768848e-07,0.032401044,0.013386338,0.014721919,0.91931193214603,-0.2969247476015271,0.2582658817492217,0.37793627666965635,0.8490626831938091,-0.3691296937186265,-0.10968018139577697,0.4369533776840493,0.8927720893595915,0.023226053,0.0033255122,0.10939767,-1.5006393,0.21373585,-0.054223564,0.29918492,-0.038574606,-0.0011480252,0.006551587,0.09884701362892206,-0.7221417516224303,-0.6846463017210651,0.9950863850648534,0.06779894240524847,0.07215531627878796,-0.0056880713080815215,-0.6884145509592441,0.7252951481103236,left_images/camera_left_21.png,right_images/camera_right_21.png
2025-05-15 15:27:42,1.0464119911193848,22,-0.19884922,-0.11333437,0.10736297,-0.5220474,-0.063755706,0.50193906,2.503872e-07,0.031121664,0.0154882185,0.01685004,0.927649423897518,-0.2666916547995782,0.261423234627042,0.35364125089616677,0.8522843286546742,-0.3854209241780284,-0.12001838195542067,0.4499855379786263,0.884934236880283,0.020550461,0.0036188609,0.109422095,-1.5792505,0.27092573,-0.06499832,0.28019357,-0.0380312,-0.00096629036,0.0071405335,0.0419331299643822,-0.685655908381727,-0.7267169929983881,0.9977666112753477,-0.009113645751809896,0.0661719796078355,-0.05199425002343533,-0.727868749681108,0.683742408515196,left_images/camera_left_22.png,right_images/camera_right_22.png
2025-05-15 15:27:42,1.099334955215454,23,-0.22038306,-0.13143636,0.10710718,-0.5012112,-0.06648519,0.5061312,2.9855957e-07,0.029788654,0.017389242,0.018722864,0.9352932115113177,-0.23038975613667617,0.2686022501173963,0.3252241176240444,0.8588090399359593,-0.3958235796916824,-0.1394843425496466,0.45756703682800276,0.8781665701858241,0.019324074,0.0031677166,0.10948077,-1.6428794,0.3214592,-0.08185353,0.26256788,-0.037472848,-0.00069333444,0.007730117,0.002328943143185269,-0.6469625527070716,-0.7625182171060476,0.9956734573644307,-0.0693320748343011,0.061866224219134736,-0.09289210043807378,-0.75936323244803,0.6440019711788796,left_images/camera_left_23.png,right_images/camera_right_23.png
2025-05-15 15:27:42,1.1490190029144287,24,-0.24267218,-0.14864166,0.107124686,-0.46978077,-0.06844329,0.50273377,6.109576e-07,0.02822438,0.019148912,0.020463686,0.9410545117887867,-0.18705064790496928,0.2818305536316089,0.2920582147312784,0.869642746916046,-0.3980244866139421,-0.1706411587218818,0.45687366728084133,0.8730109089211935,0.020506816,0.001321947,0.10957762,-1.6874689,0.36843947,-0.0951654,0.25486147,-0.036762226,-0.00025528402,0.008406242,-0.02347464890167772,-0.6062262343325145,-0.7949457174335628,0.9925732345479631,-0.10907176663083762,0.05386765061725146,-0.11936211676213332,-0.7877773178576843,0.604284355706,left_images/camera_left_24.png,right_images/camera_right_24.png
2025-05-15 15:27:42,1.2053663730621338,25,-0.26390463,-0.1647878,0.107327685,-0.43834335,-0.07074972,0.49651715,7.580468e-07,0.02663292,0.020819949,0.022041634,0.9437790140618668,-0.14425297183298685,0.2974428562493343,0.26010534638025606,0.8793592852504757,-0.3988388850503167,-0.20402544302321135,0.4537822468553879,0.8674418084448422,0.024023063,-0.0011124726,0.10975589,-1.7185332,0.4126266,-0.10775508,0.2629283,-0.035870165,0.00021681414,0.009142783,-0.03777531394830208,-0.5645571900777283,-0.8245290806197481,0.9898273939377557,-0.13439925524877666,0.046675158263955296,-0.13716689056218445,-0.8143783023387312,0.5638911462449006,left_images/camera_left_25.png,right_images/camera_right_25.png
2025-05-15 15:27:42,1.260495662689209,26,-0.28479034,-0.18097845,0.10769473,-0.4023884,-0.07358568,0.48595953,9.2911836e-07,0.024971945,0.02251168,0.02353733,0.9434749264033859,-0.09791125200421548,0.31665193822096277,0.22570538251905753,0.8894186709467338,-0.397481456263398,-0.24271823901398787,0.44648383453638346,0.8612433116997983,0.028658945,-0.005042199,0.11000086,-1.7275321,0.45539382,-0.11180304,0.25488538,-0.034896374,0.0007932334,0.009889154,-0.040821139395046724,-0.5239409247503131,-0.8507758470656517,0.9897273664286033,-0.13796793467218993,0.03747784871883303,-0.13701596520402853,-0.8405062500505736,0.5241906799105945,left_images/camera_left_26.png,right_images/camera_right_26.png
2025-05-15 15:27:42,1.3156204223632812,27,-0.30335957,-0.195941,0.10822826,-0.36127037,-0.075893804,0.474558,9.280519e-07,0.023391724,0.024087988,0.024768224,0.9409206909406824,-0.05020001177417431,0.33488537169840893,0.18789130352179456,0.900146139917669,-0.39298064182883247,-0.28171814180238663,0.43268566605469266,0.8563982735679804,0.035151344,-0.010108218,0.11039684,-1.7427013,0.49155885,-0.118235074,0.25500494,-0.03377497,0.0015206945,0.010555113,-0.047656582334898945,-0.48531837143761686,-0.8730377589230012,0.9889067629347805,-0.14602699499217336,0.027194318439879517,-0.14068498278782565,-0.8620569558206088,0.4868937672011155,left_images/camera_left_27.png,right_images/camera_right_27.png
2025-05-15 15:27:42,1.378169059753418,28,-0.31777444,-0.20924006,0.10882896,-0.32097545,-0.07685149,0.46414825,8.5508105e-07,0.022081228,0.025497794,0.025645655,0.9368139163958584,-0.007039278915196762,0.34975725096044497,0.15134652223469167,0.9095438613002504,-0.3870713042560695,-0.3153948576855964,0.41554832802381103,0.853138717221354,0.043088082,-0.015270931,0.11098811,-1.7792051,0.51887715,-0.13251613,0.26286942,-0.032534096,0.0023765573,0.011042694,-0.06538734462245632,-0.4489446068922483,-0.8911639776750342,0.9849779903437901,-0.17207703790519024,0.014417058093958657,-0.15982131804466188,-0.8768342106511017,0.45345221725152773,left_images/camera_left_28.png,right_images/camera_right_28.png
2025-05-15 15:27:42,1.4318890571594238,29,-0.32772002,-0.22151215,0.10948777,-0.2787872,-0.076594174,0.45625994,6.9224507e-07,0.021079626,0.02680193,0.026133949,0.9326008803891601,0.03381471309098564,0.3593218099085249,0.11286685384691275,0.9183384275832933,-0.37936210370376244,-0.34280704660211325,0.39434895410336634,0.8526266657790607,0.0521063,-0.020228134,0.111706816,-1.824457,0.5346939,-0.14846896,0.25573933,-0.03125103,0.0032701022,0.011330491,-0.08841168450148501,-0.4187121701250397,-0.9038050080812728,0.9786419026639049,-0.20557183830953513,-0.0004956252721213805,-0.18558933265137278,-0.8845452718110125,0.42794422735071436,left_images/camera_left_29.png,right_images/camera_right_29.png
2025-05-15 15:27:42,1.4823181629180908,30,-0.3342994,-0.23188712,0.11013358,-0.23266429,-0.0742602,0.45151326,4.5990424e-07,0.020331724,0.02786629,0.026324136,0.9283796722674077,0.0730077704113041,0.3643913412530968,0.07125681697009015,0.9273512486738841,-0.36734469863913777,-0.3647377827370666,0.36700071804092993,0.8557317469870392,0.06233757,-0.025166932,0.11253879,-1.8880041,0.53854966,-0.17119132,0.2555763,-0.029919162,0.0042498475,0.011435836,-0.11943664702393125,-0.3921441044132065,-0.9121172560157191,0.966850159929947,-0.25477322315111683,-0.017069651684405274,-0.2256892899344507,-0.8839194568167144,0.4095738495921438,left_images/camera_left_30.png,right_images/camera_right_30.png
2025-05-15 15:27:42,1.5338826179504395,31,-0.34191555,-0.23795824,0.11080467,-0.19581842,-0.065094285,0.45198712,2.8075473e-07,0.01942083,0.028400762,0.026484344,0.9244300262383974,0.09801909775805719,0.3685395271386393,0.0402838248114953,0.935896813882586,-0.3499633798313481,-0.37921806397827645,0.33836283814733575,0.8612225320516453,0.0718545,-0.030273896,0.11342369,-1.9539335,0.5376503,-0.19381912,0.26427963,-0.028673008,0.005261621,0.0113864085,-0.15123433157508498,-0.366800030568582,-0.9179247869667344,0.9515775732639454,-0.3054410938728156,-0.03472549833880839,-0.2676346371719065,-0.8787283287505105,0.3952318626290103,left_images/camera_left_31.png,right_images/camera_right_31.png
2025-05-15 15:27:42,1.5929069519042969,32,-0.35562032,-0.23740672,0.11156713,-0.13963346,-0.04742027,0.45000342,7.058796e-07,0.017805614,0.02801894,0.02692112,0.9146928195847057,0.12606381310966255,0.3839856258044474,-0.00021846409364778552,0.9502613097679379,-0.3114536810371057,-0.4041497223475736,0.2848005586061506,0.8692247371905633,0.080227375,-0.035831783,0.11435679,-2.0149572,0.5376126,-0.21348475,0.29094577,-0.027504517,0.006319152,0.011242752,-0.1806191023378448,-0.34018900901826676,-0.9228478628754799,0.9350155809619044,-0.35050244197665825,-0.05379499537012444,-0.3051599633456911,-0.8725935344199892,0.38138946034111576,left_images/camera_left_32.png,right_images/camera_right_32.png
2025-05-15 15:27:42,1.6468400955200195,33,-0.36795568,-0.23601441,0.11213522,-0.06679176,-0.025847122,0.44320112,7.9195667e-07,0.01633494,0.027361013,0.027400725,0.8998744913188974,0.15914377535214633,0.406077774127348,-0.052369451615242764,0.9637426945818901,-0.26164376388050353,-0.43299346462859534,0.21418047858454214,0.8755817392923531,0.08788681,-0.041194405,0.11525377,-2.0716717,0.53820705,-0.23679173,0.31761417,-0.026410932,0.0072947172,0.011115155,-0.20176690570172512,-0.31273793273727496,-0.9281622170670205,0.9179506659317473,-0.3908484295923995,-0.06785337132830271,-0.3415504218691768,-0.8656976900237003,0.36593827185553657,left_images/camera_left_33.png,right_images/camera_right_33.png
2025-05-15 15:27:42,1.6910851001739502,34,-0.37580493,-0.23624367,0.11249453,-0.007888215,-0.007973477,0.44051623,6.200226e-07,0.015396211,0.026943041,0.027745143,0.8878563695594462,0.18443473470514354,0.4215387238047807,-0.09616683945475775,0.9702967827652609,-0.22198218925100002,-0.4499588937025278,0.15655025387915303,0.8792206844634457,0.09468441,-0.046365384,0.11606425,-2.120229,0.54069555,-0.25849316,0.33798987,-0.025424652,0.008207248,0.011041518,-0.21697887445627306,-0.2855732061609876,-0.9334710022076866,0.902395117892476,-0.4233739523962019,-0.08023432953694365,-0.3722945329218698,-0.8597688296020929,0.3495630707056084,left_images/camera_left_34.png,right_images/camera_right_34.png
2025-05-15 15:27:42,1.7347064018249512,35,-0.38145724,-0.23717013,0.112747595,0.030923616,0.002872906,0.4434813,3.3995823e-07,0.014774401,0.026767917,0.028026985,0.8806373053800393,0.2016158250415952,0.4287528372684901,-0.12676298042451778,0.9722131208223959,-0.19680648997091252,-0.45651843683128157,0.11896514949166606,0.8817245658591739,0.10013285,-0.05222221,0.11676899,-2.1417825,0.54620594,-0.26680434,0.31132323,-0.02457199,0.009092707,0.0110050915,-0.22516139470210755,-0.26634451951694266,-0.9372101916107669,0.89616958665677,-0.43408183014546164,-0.0919403974811957,-0.3823380942140547,-0.8606006981526655,0.33642832825419,left_images/camera_left_35.png,right_images/camera_right_35.png
2025-05-15 15:27:42,1.7980947494506836,36,-0.38522893,-0.23791255,0.112901,0.057478253,0.0075424146,0.4482027,1.7353754e-07,0.014399076,0.026698066,0.028231053,0.8762286219698304,0.21513078492872878,0.4312100966081398,-0.14926885491547554,0.971977143437964,-0.1816018766048368,-0.4581945121813169,0.0947585247359027,0.8837865189041981,0.10428812,-0.0584051,0.11738607,-2.140001,0.5535724,-0.26331183,0.2846564,-0.023843136,0.009917531,0.010973488,-0.22835614114795857,-0.25566694799982803,-0.9394082629509211,0.8984585946617066,-0.4270002787993198,-0.10219058461430924,-0.37500083530376943,-0.8673552753086571,0.3272143027370883,left_images/camera_left_36.png,right_images/camera_right_36.png
2025-05-15 15:27:42,1.8561315536499023,37,-0.38772592,-0.23871557,0.112961374,0.074412994,0.009728799,0.45335877,1.1068077e-07,0.014207136,0.026690815,0.028392518,0.8740052223279043,0.2244413934378543,0.43097671892484474,-0.16436919826756696,0.9712082555522055,-0.17244503764422733,-0.45727195191092534,0.07987856570392346,0.8857323392180373,0.10701945,-0.064179294,0.11793296,-2.1270225,0.5620482,-0.25382674,0.25949824,-0.02325818,0.010648961,0.010908237,-0.22963826842651647,-0.24973772215244078,-0.940689819126465,0.904487560381793,-0.4116644979520594,-0.11151051179360283,-0.3594002209079225,-0.8764493204173242,0.3204185855273494,left_images/camera_left_37.png,right_images/camera_right_37.png
2025-05-15 15:27:43,1.907050609588623,38,-0.3898889,-0.24008362,0.11297767,0.083892375,0.010731021,0.45775118,5.492901e-08,0.014090211,0.02678632,0.028569028,0.8728475694587094,0.23052318996509688,0.43011182194673464,-0.17349922611579918,0.9703980548503018,-0.16800486207241033,-0.4561086921198087,0.07201856726613418,0.8870051786442349,0.10859711,-0.06988548,0.118342586,-2.1019778,0.56729025,-0.23394947,0.2706294,-0.022860156,0.011315856,0.010802894,-0.23277083647194413,-0.2520594824255303,-0.9392996087551219,0.9132725144449758,-0.38864129734438524,-0.12202973554763058,-0.3342918665590039,-0.8862414791228443,0.32066335717485733,left_images/camera_left_38.png,right_images/camera_right_38.png
2025-05-15 15:27:43,1.960268259048462,39,-0.3931437,-0.24360415,0.11298997,0.08128947,0.010359442,0.46106172,1.1046691e-07,0.013955441,0.02719346,0.028886493,0.8728148730483468,0.23221738080293847,0.42926598448819697,-0.17342038622699102,0.9697171532309747,-0.17197096374241594,-0.45620123523120715,0.07565534206278599,0.8866547818575634,0.10926846,-0.074846566,0.118584804,-2.0739174,0.5706166,-0.21026622,0.25855434,-0.02264709,0.011875438,0.010724582,-0.23721575576646947,-0.257789783345132,-0.9366285885125505,0.9217294991350855,-0.3642458783692105,-0.1331903544376501,-0.3068279903143247,-0.8949130503540064,0.32401730920702443,left_images/camera_left_39.png,right_images/camera_right_39.png
2025-05-15 15:27:43,2.0072219371795654,40,-0.39711198,-0.24900493,0.113045484,0.06981861,0.0048087956,0.46305007,1.447487e-07,0.013800463,0.027945513,0.029288493,0.8729742300524194,0.23422497595797073,0.42784886852938375,-0.16849221053606586,0.9679708971721416,-0.18612554154771344,-0.4577405036186507,0.09039359969183423,0.8844787326339151,0.10920034,-0.07855146,0.11867387,-2.0445633,0.5746883,-0.18646431,0.25411588,-0.022576503,0.012269096,0.010720517,-0.2401325280850638,-0.2638590005594508,-0.9341920556177105,0.9297790924199685,-0.33911651980847857,-0.14321600920178323,-0.27901112568171105,-0.9029830639700577,0.32676348928402466,left_images/camera_left_40.png,right_images/camera_right_40.png
2025-05-15 15:27:43,2.0493276119232178,41,-0.4005955,-0.25458407,0.11315689,0.057094112,-0.0013055304,0.46469128,1.3762741e-07,0.013645871,0.02874605,0.029627942,0.8733836462985857,0.23608547214909414,0.4259866854941903,-0.16279534781774446,0.9658617762011907,-0.20151601425787613,-0.4590192600611509,0.10665214068934681,0.8820014964722527,0.109285995,-0.08071547,0.11865744,-2.017461,0.5777306,-0.16528895,0.26647046,-0.022549843,0.012464457,0.010790438,-0.24117141193620362,-0.26979042165409184,-0.9322282330247271,0.9365062773506598,-0.3166441974448159,-0.15064011652722947,-0.2545434001256108,-0.909367681748277,0.32902595162731063,left_images/camera_left_41.png,right_images/camera_right_41.png
2025-05-15 15:27:43,2.091607093811035,42,-0.40336922,-0.259843,0.11331325,0.044305548,-0.0073205843,0.4667783,1.1559925e-07,0.013506355,0.029520653,0.029878639,0.874367058203156,0.23755366007448991,0.4231435998740527,-0.15702333173687294,0.963575289715261,-0.21648633753750557,-0.4591578386779547,0.12284510423848621,0.8798199585967714,0.109504454,-0.08131876,0.118601866,-1.9962505,0.5809853,-0.14825796,0.25433552,-0.022530105,0.012493073,0.010896592,-0.24160129496458335,-0.2734230561943103,-0.9310578105643064,0.9412635138388321,-0.2992917447306527,-0.15635680046565564,-0.23590636232880918,-0.9141467518278699,0.329672419737144,left_images/camera_left_42.png,right_images/camera_right_42.png
2025-05-15 15:27:43,2.136223554611206,43,-0.40561503,-0.26475668,0.11348561,0.031601235,-0.012635362,0.4691952,8.3830116e-08,0.013385929,0.030249229,0.030071337,0.8758231066555362,0.23822345125907,0.41974215075265325,-0.15102183413621542,0.9612911594405454,-0.23045978476859194,-0.45839534406708254,0.13845177518424887,0.8778979522051248,0.109692454,-0.08106156,0.11853922,-1.9800407,0.58341944,-0.13485551,0.26534975,-0.022521038,0.012430978,0.010988608,-0.2418146401146399,-0.27615287843520425,-0.9301963596779865,0.9445674505139601,-0.286397901713479,-0.1605259272630865,-0.2220765887161104,-0.9174507232685947,0.3301002258680653,left_images/camera_left_43.png,right_images/camera_right_43.png
2025-05-15 15:27:43,2.1834425926208496,44,-0.40781942,-0.2697254,0.11367438,0.018471228,-0.016968574,0.47136757,7.106437e-08,0.013254296,0.030974519,0.030256787,0.8773710242947264,0.23793735514077036,0.416660414194386,-0.14427264047546012,0.9590196519816809,-0.2438579757218821,-0.45760844718849,0.15384122380412327,0.8757439048718457,0.10956713,-0.08049111,0.1185007,-1.9677666,0.5863732,-0.12472831,0.254407,-0.022524592,0.012345639,0.01104649,-0.24172388556334973,-0.2774172035691657,-0.9298436741259366,0.9469699665086422,-0.2765078581602121,-0.16368044142863653,-0.21170131241628592,-0.9200995052381651,0.3295443138361,left_images/camera_left_44.png,right_images/camera_right_44.png
2025-05-15 15:27:43,2.2288265228271484,45,-0.41020167,-0.27507174,0.11387374,0.005089779,-0.020771163,0.47292516,9.493472e-08,0.013107167,0.031738587,0.03046509,0.8786400475652992,0.23742717535273564,0.414270446952797,-0.13715746400298565,0.9565444614714096,-0.25731405576967775,-0.4573614510239342,0.16926615028526065,0.8730231803823363,0.109261,-0.07984074,0.11849008,-1.9611027,0.58987826,-0.11835183,0.26575986,-0.022531385,0.012276688,0.011078602,-0.2422719180978466,-0.27662894453217035,-0.9299358820629559,0.94813378706194,-0.2708033565927765,-0.16645679286129883,-0.20578299135928158,-0.9220314360720587,0.32788929741930106,left_images/camera_left_45.png,right_images/camera_right_45.png
2025-05-15 15:27:43,2.277170181274414,46,-0.412802,-0.2818026,0.114139915,-0.010306271,-0.023827689,0.47312784,1.360588e-07,0.012920275,0.03267334,0.030692307,0.8795879742352241,0.23626761238177033,0.4129196179890125,-0.1282964026712277,0.9536067476178546,-0.27234941519915057,-0.45811028000078396,0.18657916881880096,0.8690933120905305,0.10912272,-0.079265535,0.11848911,-1.9567206,0.59282213,-0.11400768,0.2544405,-0.022522781,0.012218861,0.011109312,-0.24265395912151028,-0.27547950998350773,-0.9301774538774323,0.9488667637412211,-0.2669670727909303,-0.16846497176773478,-0.20191810416581774,-0.9234931627384625,0.32617396828286804,left_images/camera_left_46.png,right_images/camera_right_46.png
2025-05-15 15:27:43,2.3320446014404297,47,-0.4150276,-0.2892363,0.11447317,-0.025086537,-0.026347648,0.47174442,1.6210959e-07,0.012715947,0.03369746,0.030873872,0.8799328161957443,0.23554238289457502,0.41259910911461306,-0.11962555968924983,0.9503140625928043,-0.2873898187260533,-0.4597912183272541,0.203526333182479,0.864389418752008,0.10929313,-0.07871355,0.11849242,-1.953959,0.5952434,-0.11085538,0.2652564,-0.022489104,0.012166676,0.011152501,-0.24310532271380778,-0.2740276641439896,-0.9304883886175066,0.9492612415475421,-0.2645086085704088,-0.1701125841546272,-0.1995066348867482,-0.9246318376932168,0.32442729133078596,left_images/camera_left_47.png,right_images/camera_right_47.png
2025-05-15 15:27:43,2.392965793609619,48,-0.41656286,-0.29783827,0.11496147,-0.040123936,-0.028752923,0.4686075,1.7054316e-07,0.012464144,0.03489986,0.03094697,0.8798581288366208,0.23531804248376667,0.4128862942769212,-0.11067122031496993,0.9463726138443982,-0.3035304873638177,-0.4621704816559746,0.2213691366178436,0.8587165721231627,0.10973983,-0.07807535,0.11850161,-1.9532942,0.5976641,-0.10845032,0.25467014,-0.02243074,0.012118723,0.011210937,-0.24432708675652062,-0.27172866773497145,-0.9308425247097647,0.9491175415241915,-0.2637097396232424,-0.17214257346431255,-0.19869616767352655,-0.9255380620800093,0.32233387751372744,left_images/camera_left_48.png,right_images/camera_right_48.png
2025-05-15 15:27:43,2.442174196243286,49,-0.4167005,-0.30637476,0.11571302,-0.052076295,-0.03164706,0.46437943,1.5368168e-07,0.01210438,0.03617545,0.030760352,0.8793707662875594,0.2369070023715781,0.4130158927040745,-0.10413119672665869,0.9421208694956642,-0.3186925809130288,-0.464611395972058,0.23724109991324566,0.8531429606137818,0.11043674,-0.077397384,0.118512705,-1.9527532,0.59919083,-0.105465665,0.25354975,-0.022355158,0.012068277,0.011270469,-0.2461379436878776,-0.26996938910529145,-0.9308773504727779,0.9488031849565115,-0.26327553084639754,-0.1745236690937002,-0.19796118026896847,-0.9261762919680374,0.32094991400973094,left_images/camera_left_49.png,right_images/camera_right_49.png
2025-05-15 15:27:43,2.494791269302368,50,-0.41778985,-0.31520358,0.11660727,-0.067863636,-0.037043888,0.45969552,2.1569213e-07,0.011596161,0.037592802,0.030612797,0.8787777527812929,0.23848006588331638,0.4133726156785783,-0.09525795411493886,0.9364130352587305,-0.33772259263390636,-0.4676276118820367,0.2574060713616141,0.8456160659730174,0.1112675,-0.07673151,0.1185286,-1.9523597,0.5998415,-0.10299086,0.26229265,-0.02226876,0.012012404,0.01132273,-0.24759097095192176,-0.26882955790447655,-0.9308218840895225,0.9485022882055394,-0.2631876703731212,-0.1762828960291532,-0.19759079020020287,-0.9265327403607782,0.3201483416599349,left_images/camera_left_50.png,right_images/camera_right_50.png
2025-05-15 15:27:43,2.539823055267334,51,-0.41979817,-0.3234317,0.1177934,-0.08413078,-0.045550592,0.45444137,2.858415e-07,0.010800259,0.03909744,0.030403187,0.8773771918296402,0.24184742365663,0.41439001789109864,-0.0866630476606692,0.9293450095268124,-0.358897435819446,-0.4719097153347228,0.2789761225235222,0.8363453495024896,0.112116486,-0.07614814,0.118551634,-1.9502788,0.6000387,-0.10011406,0.25456885,-0.022175413,0.011951193,0.0113653205,-0.2482142497590396,-0.2685413619542011,-0.9307390736056694,0.9486488068356335,-0.26188552408010723,-0.17743002442263345,-0.1960997896630331,-0.9269851720481133,0.3197551614861657,left_images/camera_left_51.png,right_images/camera_right_51.png
2025-05-15 15:27:43,2.5990302562713623,52,-0.42033014,-0.33011675,0.119183175,-0.09267003,-0.055290062,0.44822636,3.0137002e-07,0.009906446,0.04049735,0.029925767,0.8747463087540004,0.24919241959214256,0.41559840391785047,-0.08392822980154142,0.9225928838876745,-0.3765347564863087,-0.47725773703904567,0.2944919500048137,0.8279489983197827,0.112856254,-0.07569888,0.11857215,-1.9487956,0.59984535,-0.098300524,0.26249728,-0.022095455,0.011900362,0.011397128,-0.2484036237736835,-0.2685150641374944,-0.9306961373226708,0.9487842695708305,-0.26106730343505113,-0.17791085658861994,-0.1952025858205979,-0.9272235563273769,0.3196129332185478,left_images/camera_left_52.png,right_images/camera_right_52.png
2025-05-15 15:27:43,2.65641188621521,53,-0.41934702,-0.3359329,0.12084101,-0.0973265,-0.06877404,0.44153264,2.5845677e-07,0.008907725,0.04194545,0.029168058,0.8715089726426318,0.26051502529674225,0.41545641431806346,-0.08518526048018332,0.9147606837421689,-0.3949131080079303,-0.48292399194936253,0.30877955417125275,0.8194141839909135,0.113598555,-0.075331025,0.118574575,-1.9476086,0.5993374,-0.09701951,0.25396478,-0.022027684,0.01185416,0.01143996,-0.2483712770332866,-0.26867316605715574,-0.9306591419986583,0.9489136032030829,-0.2605116593678805,-0.17803552732400302,-0.1946141885911632,-0.9273340310665934,0.31965123560653685,left_images/camera_left_53.png,right_images/camera_right_53.png
2025-05-15 15:27:43,2.699361801147461,54,-0.4171222,-0.34007752,0.12265276,-0.10033735,-0.08331378,0.43497524,2.3986257e-07,0.00784166,0.04327544,0.028179085,0.8685650165289235,0.27186118079702354,0.4143504681278391,-0.08732408001272285,0.9069760496261101,-0.41203027856523833,-0.4878209887981891,0.32169231228032846,0.8115076950391125,0.11442718,-0.07497199,0.11854462,-1.9464645,0.5983643,-0.09666361,0.2542234,-0.021972004,0.011796992,0.011509327,-0.24751094670878604,-0.2691568319569472,-0.9307485863917389,0.9491821455521762,-0.2601064343280757,-0.17719451849902612,-0.1944005808229175,-0.9273075232262672,0.3198580490525104,left_images/camera_left_54.png,right_images/camera_right_54.png
2025-05-15 15:27:43,2.7444891929626465,55,-0.41485152,-0.34259772,0.12432374,-0.10298628,-0.0975107,0.42942512,2.2298926e-07,0.006847405,0.04436975,0.027217884,0.8661200684607436,0.28182468149956674,0.4128085220864808,-0.08913924952727335,0.8997390637409336,-0.42722805546019876,-0.4918233638241185,0.33323335078628596,0.804403700091237,0.11511398,-0.07463783,0.11850106,-1.9437635,0.597776,-0.09474806,0.26230276,-0.02193454,0.0117417695,0.0115843,-0.2469722522788956,-0.269850438969479,-0.9306908440466517,0.9496711238843415,-0.25838662593691375,-0.17709067732997447,-0.1926900699686967,-0.927586703292429,0.3200834966232121,left_images/camera_left_55.png,right_images/camera_right_55.png
