Epoch Time (Seconds),Time (Seconds),Frame Number,PSM1_joint_1,PSM1_joint_2,PSM1_joint_3,PSM1_joint_4,PSM1_joint_5,PSM1_joint_6,PSM1_jaw_angle,PSM1_ee_x,PSM1_ee_y,PSM1_ee_z,"PSM1_Orientation_Matrix_[1,1]","PSM1_Orientation_Matrix_[1,2]","PSM1_Orientation_Matrix_[1,3]","PSM1_Orientation_Matrix_[2,1]","PSM1_Orientation_Matrix_[2,2]","PSM1_Orientation_Matrix_[2,3]","PSM1_Orientation_Matrix_[3,1]","PSM1_Orientation_Matrix_[3,2]","PSM1_Orientation_Matrix_[3,3]",PSM2_joint_1,PSM2_joint_2,PSM2_joint_3,PSM2_joint_4,PSM2_joint_5,PSM2_joint_6,PSM2_jaw_angle,PSM2_ee_x,PSM2_ee_y,PSM2_ee_z,"PSM2_Orientation_Matrix_[1,1]","PSM2_Orientation_Matrix_[1,2]","PSM2_Orientation_Matrix_[1,3]","PSM2_Orientation_Matrix_[2,1]","PSM2_Orientation_Matrix_[2,2]","PSM2_Orientation_Matrix_[2,3]","PSM2_Orientation_Matrix_[3,1]","PSM2_Orientation_Matrix_[3,2]","PSM2_Orientation_Matrix_[3,3]",PSM3_joint_1,PSM3_joint_2,PSM3_joint_3,PSM3_joint_4,PSM3_joint_5,PSM3_joint_6,PSM3_jaw_angle,PSM3_ee_x,PSM3_ee_y,PSM3_ee_z,"PSM3_Orientation_Matrix_[1,1]","PSM3_Orientation_Matrix_[1,2]","PSM3_Orientation_Matrix_[1,3]","PSM3_Orientation_Matrix_[2,1]","PSM3_Orientation_Matrix_[2,2]","PSM3_Orientation_Matrix_[2,3]","PSM3_Orientation_Matrix_[3,1]","PSM3_Orientation_Matrix_[3,2]","PSM3_Orientation_Matrix_[3,3]",Camera Left,Camera Right
2025-05-30 17:00:06,0.002691030502319336,1,-0.034323208,-0.00027712272,0.11403818,-0.00067212066,0.00029475868,-0.027664801,1.0471791,0.05790698,2.6526597e-05,0.002031107,0.8332778614552727,-0.0005796234734343184,0.5528541124430176,0.00067120037870476,0.9999997740690851,3.676725169785212e-05,-0.5528540088473443,0.00034043855277386334,0.8332780622355378,0.07067476,0.00053157663,0.11086674,0.00077396823,1.4535664e-05,-0.015299722,1.047179,-0.056456827,-6.066444e-05,0.0067548915,0.8369146583139265,0.0009467660869864273,-0.5473325847537858,-0.0007819614408625928,0.9999995516363183,0.0005341006154936299,0.5473328450180828,-1.90036575159916e-05,0.8369150234063626,0.002665709,0.019344743,0.09063903,-0.00016367043,-0.012030425,-0.0062265513,0.5235896,0.00019110431,-0.011352374,0.0023486894,0.9999936414139469,-0.0001440688112632351,0.00356319741986064,0.0010364511291876127,0.9677931489503793,-0.2517446059278458,-0.0034121695051808378,0.25174669826809487,0.9677871444746419,left_images/camera_left_1.png,right_images/camera_right_1.png
2025-05-30 17:00:06,0.05698680877685547,2,-0.034323208,-0.00027712272,0.11403818,-0.000672091,0.00029476217,-0.027664801,1.0471791,0.05790698,2.6526597e-05,0.002031107,0.8332778614552727,-0.0005796234734343184,0.5528541124430176,0.00067120037870476,0.9999997740690851,3.676725169785212e-05,-0.5528540088473443,0.00034043855277386334,0.8332780622355378,0.07067476,0.0005315816,0.11086674,0.00077397743,1.4519719e-05,-0.01529975,1.047179,-0.05645683,-6.066277e-05,0.0067548887,0.83691489580697,0.0009467296651887445,-0.5473322216710339,-0.0007819810203383219,0.9999995516725265,0.0005340041477770336,0.5473324818445298,-1.891261653095015e-05,0.8369152609196587,0.0026657046,0.019344743,0.09063903,-0.00016365157,-0.012030425,-0.0062265373,0.5235896,0.0001911261,-0.011352374,0.0023486866,0.9999936417245097,-0.0001436554685474258,0.0035631269496268487,0.0010360330040493685,0.9677931753288873,-0.2517445062408394,-0.003412205469681032,0.251746597097033,0.9677871706650676,left_images/camera_left_2.png,right_images/camera_right_2.png
2025-05-30 17:00:06,0.13189697265625,3,-0.034323208,-0.00027712272,0.11403818,-0.0006720613,0.00029476566,-0.027664801,1.0471791,0.05790698,2.6526597e-05,0.002031107,0.8332778614552727,-0.0005796234734343184,0.5528541124430176,0.00067120037870476,0.9999997740690851,3.676725169785212e-05,-0.5528540088473443,0.00034043855277386334,0.8332780622355378,0.07067476,0.00053158856,0.11086674,0.00077402074,1.4469837e-05,-0.015299805,1.047179,-0.05645683,-6.066277e-05,0.0067548887,0.83691489580697,0.0009467296651887445,-0.5473322216710339,-0.0007819810203383219,0.9999995516725265,0.0005340041477770336,0.5473324818445298,-1.891261653095015e-05,0.8369152609196587,0.0026657046,0.019344743,0.09063903,-0.00016366415,-0.012030425,-0.0062265373,0.5235896,0.00019110431,-0.011352374,0.0023486894,0.9999936414139469,-0.0001440688112632351,0.00356319741986064,0.0010364511291876127,0.9677931489503793,-0.2517446059278458,-0.0034121695051808378,0.25174669826809487,0.9677871444746419,left_images/camera_left_3.png,right_images/camera_right_3.png
2025-05-30 17:00:06,0.18719267845153809,4,-0.034323208,-0.00027712272,0.11403818,-0.0006720316,0.00029476915,-0.027664801,1.0471791,0.05790698,2.6526597e-05,0.002031107,0.8332778614552727,-0.0005796234734343184,0.5528541124430176,0.00067120037870476,0.9999997740690851,3.676725169785212e-05,-0.5528540088473443,0.00034043855277386334,0.8332780622355378,0.07067476,0.00053159555,0.11086674,0.00077406404,1.4419951e-05,-0.015299861,1.047179,-0.05645683,-6.066277e-05,0.0067548887,0.83691489580697,0.0009467296651887445,-0.5473322216710339,-0.0007819810203383219,0.9999995516725265,0.0005340041477770336,0.5473324818445298,-1.891261653095015e-05,0.8369152609196587,0.002665675,0.019344743,0.09063903,-0.000163695,-0.0120304525,-0.0062265233,0.5235896,0.00019110431,-0.011352374,0.0023486894,0.9999936414139469,-0.0001440688112632351,0.00356319741986064,0.0010364511291876127,0.9677931489503793,-0.2517446059278458,-0.0034121695051808378,0.25174669826809487,0.9677871444746419,left_images/camera_left_4.png,right_images/camera_right_4.png
2025-05-30 17:00:06,0.23857688903808594,5,-0.034323208,-0.00027712272,0.11403818,-0.0006720019,0.00029477265,-0.027664801,1.0471791,0.05790698,2.6526597e-05,0.002031107,0.8332778614552727,-0.0005796234734343184,0.5528541124430176,0.00067120037870476,0.9999997740690851,3.676725169785212e-05,-0.5528540088473443,0.00034043855277386334,0.8332780622355378,0.07067476,0.00053160253,0.11086674,0.00077410735,1.4370065e-05,-0.015299917,1.047179,-0.05645689,-6.06423e-05,0.006754858,0.8369149140673657,0.0009470898528029096,-0.5473321931262805,-0.0007824677667215662,0.9999995513378059,0.0005339179529419925,0.5473324532272934,-1.8574098895133824e-05,0.8369152796425663,0.0026656706,0.019344743,0.09063903,-0.00016367639,-0.0120304525,-0.0062265513,0.5235896,0.00019110431,-0.011352374,0.0023486894,0.9999936414139469,-0.0001440688112632351,0.00356319741986064,0.0010364511291876127,0.9677931489503793,-0.2517446059278458,-0.0034121695051808378,0.25174669826809487,0.9677871444746419,left_images/camera_left_5.png,right_images/camera_right_5.png
2025-05-30 17:00:06,0.28814101219177246,6,-0.034323208,-0.00027712272,0.11403818,-0.00067197223,0.00029477614,-0.027664801,1.0471791,0.05790698,2.6526597e-05,0.002031107,0.8332778614552727,-0.0005796234734343184,0.5528541124430176,0.00067120037870476,0.9999997740690851,3.676725169785212e-05,-0.5528540088473443,0.00034043855277386334,0.8332780622355378,0.07067476,0.00053160446,0.11086674,0.00077414553,1.4358945e-05,-0.015299994,1.047179,-0.05645689,-6.06423e-05,0.006754858,0.8369149140673657,0.0009470898528029096,-0.5473321931262805,-0.0007824677667215662,0.9999995513378059,0.0005339179529419925,0.5473324532272934,-1.8574098895133824e-05,0.8369152796425663,0.0026656706,0.019344743,0.09063903,-0.00016365752,-0.0120304525,-0.0062265373,0.5235896,0.0001911261,-0.011352374,0.0023486866,0.9999936417245097,-0.0001436554685474258,0.0035631269496268487,0.0010360330040493685,0.9677931753288873,-0.2517445062408394,-0.003412205469681032,0.251746597097033,0.9677871706650676,left_images/camera_left_6.png,right_images/camera_right_6.png
2025-05-30 17:00:06,0.34615325927734375,7,-0.034323208,-0.00027712272,0.11403818,-0.00067194254,0.00029477963,-0.027664801,1.0471791,0.05790698,2.6526597e-05,0.002031107,0.8332778614552727,-0.0005796234734343184,0.5528541124430176,0.00067120037870476,0.9999997740690851,3.676725169785212e-05,-0.5528540088473443,0.00034043855277386334,0.8332780622355378,0.07067476,0.0005316061,0.11086674,0.0007741837,1.4347827e-05,-0.01530007,1.047179,-0.05645689,-6.06423e-05,0.006754858,0.8369149140673657,0.0009470898528029096,-0.5473321931262805,-0.0007824677667215662,0.9999995513378059,0.0005339179529419925,0.5473324532272934,-1.8574098895133824e-05,0.8369152796425663,0.0026657,0.019344743,0.09063903,-0.0001636039,-0.0120304525,-0.0062265513,0.5235896,0.0001911261,-0.011352374,0.0023486866,0.9999936417245097,-0.0001436554685474258,0.0035631269496268487,0.0010360330040493685,0.9677931753288873,-0.2517445062408394,-0.003412205469681032,0.251746597097033,0.9677871706650676,left_images/camera_left_7.png,right_images/camera_right_7.png
2025-05-30 17:00:06,0.3993251323699951,8,-0.034323208,-0.00027712272,0.11403818,-0.00067191286,0.00029478312,-0.027664801,1.0471791,0.05790698,2.6526597e-05,0.002031107,0.8332778614552727,-0.0005796234734343184,0.5528541124430176,0.00067120037870476,0.9999997740690851,3.676725169785212e-05,-0.5528540088473443,0.00034043855277386334,0.8332780622355378,0.07067476,0.0005316077,0.11086674,0.0007742219,1.433671e-05,-0.015300146,1.047179,-0.056456894,-6.064044e-05,0.006754859,0.8369150831659946,0.00094691675643133,-0.5473319348602939,-0.000782316578521089,0.9999995515015089,0.00053383288778876,0.5473321948780534,-1.858594908524052e-05,0.8369154485995196,0.0026657046,0.019344743,0.09063903,-0.00016361647,-0.0120304525,-0.0062265513,0.5235896,0.0001911261,-0.011352374,0.0023486866,0.9999936417245097,-0.0001436554685474258,0.0035631269496268487,0.0010360330040493685,0.9677931753288873,-0.2517445062408394,-0.003412205469681032,0.251746597097033,0.9677871706650676,left_images/camera_left_8.png,right_images/camera_right_8.png
2025-05-30 17:00:06,0.4538421630859375,9,-0.034323208,-0.00027712272,0.11403818,-0.0006718832,0.00029478662,-0.027664801,1.0471791,0.05790698,2.6526597e-05,0.002031107,0.8332778614552727,-0.0005796234734343184,0.5528541124430176,0.00067120037870476,0.9999997740690851,3.676725169785212e-05,-0.5528540088473443,0.00034043855277386334,0.8332780622355378,0.07067476,0.00053160446,0.11086674,0.0007742289,1.4362104e-05,-0.015300146,1.047179,-0.056456894,-6.064044e-05,0.006754859,0.8369150831659946,0.00094691675643133,-0.5473319348602939,-0.000782316578521089,0.9999995515015089,0.00053383288778876,0.5473321948780534,-1.858594908524052e-05,0.8369154485995196,0.0026657046,0.019344743,0.09063903,-0.00016362907,-0.0120304525,-0.0062265513,0.5235896,0.0001911261,-0.011352374,0.0023486866,0.9999936417245097,-0.0001436554685474258,0.0035631269496268487,0.0010360330040493685,0.9677931753288873,-0.2517445062408394,-0.003412205469681032,0.251746597097033,0.9677871706650676,left_images/camera_left_9.png,right_images/camera_right_9.png
2025-05-30 17:00:06,0.5030417442321777,10,-0.034323208,-0.00027712272,0.11403818,-0.0006718535,0.0002947901,-0.027664801,1.0471791,0.05790695,2.6539847e-05,0.002031108,0.8332777986075227,-0.0005792221970982313,0.55285420758953,0.0006707991181346179,0.9999997743427709,3.6646286936673926e-05,-0.5528541040603243,0.0003403175776023385,0.8332779991141026,0.07067476,0.00053160096,0.11086674,0.0007742359,1.4387499e-05,-0.015300146,1.047179,-0.056456894,-6.064044e-05,0.006754859,0.8369150831659946,0.00094691675643133,-0.5473319348602939,-0.000782316578521089,0.9999995515015089,0.00053383288778876,0.5473321948780534,-1.858594908524052e-05,0.8369154485995196,0.0026657046,0.019344743,0.09063903,-0.00016364167,-0.0120304525,-0.0062265513,0.5235896,0.0001911261,-0.011352374,0.0023486866,0.9999936417245097,-0.0001436554685474258,0.0035631269496268487,0.0010360330040493685,0.9677931753288873,-0.2517445062408394,-0.003412205469681032,0.251746597097033,0.9677871706650676,left_images/camera_left_10.png,right_images/camera_right_10.png
2025-05-30 17:00:06,0.5777885913848877,11,-0.034323208,-0.0002771367,0.11403818,-0.0006718132,0.0002947925,-0.027664801,1.0471791,0.057906937,2.663819e-05,0.002030959,0.8332778617723349,-0.0005790467901858353,0.5528541125694377,0.0006707737216594424,0.9999997743699944,3.636721977993439e-05,-0.5528540088872831,0.0003405360114861017,0.8332780621692167,0.07067476,0.00053159747,0.11086674,0.00077424286,1.44128935e-05,-0.015300146,1.047179,-0.056456894,-6.064044e-05,0.006754859,0.8369150831659946,0.00094691675643133,-0.5473319348602939,-0.000782316578521089,0.9999995515015089,0.00053383288778876,0.5473321948780534,-1.858594908524052e-05,0.8369154485995196,0.0026657046,0.019344743,0.09063897,-0.0001636399,-0.0120304525,-0.0062265373,0.4969216,0.0001911275,-0.011352389,0.0023487462,0.9999936417245097,-0.0001436554685474258,0.0035631269496268487,0.0010360330040493685,0.9677931753288873,-0.2517445062408394,-0.003412205469681032,0.251746597097033,0.9677871706650676,left_images/camera_left_11.png,right_images/camera_right_11.png
2025-05-30 17:00:06,0.6301078796386719,12,-0.034323208,-0.00027715042,0.11403818,-0.00067183416,0.0002948763,-0.027664801,1.0471791,0.057906937,2.663819e-05,0.002030959,0.8332778617723349,-0.0005790467901858353,0.5528541125694377,0.0006707737216594424,0.9999997743699944,3.636721977993439e-05,-0.5528540088872831,0.0003405360114861017,0.8332780621692167,0.07067476,0.000531594,0.11086674,0.00077424984,1.4438288e-05,-0.015300146,1.047179,-0.056456894,-6.064044e-05,0.006754859,0.8369150831659946,0.00094691675643133,-0.5473319348602939,-0.000782316578521089,0.9999995515015089,0.00053383288778876,0.5473321948780534,-1.858594908524052e-05,0.8369154485995196,0.0026657046,0.019344743,0.09063897,-0.00016365247,-0.0120304525,-0.0062265373,0.47025508,0.0001911275,-0.011352389,0.0023487462,0.9999936417245097,-0.0001436554685474258,0.0035631269496268487,0.0010360330040493685,0.9677931753288873,-0.2517445062408394,-0.003412205469681032,0.251746597097033,0.9677871706650676,left_images/camera_left_12.png,right_images/camera_right_12.png
2025-05-30 17:00:06,0.68312668800354,13,-0.034323208,-0.00027716265,0.11403818,-0.0006718551,0.00029496013,-0.027664801,1.0471791,0.057906937,2.663819e-05,0.002030959,0.8332778617723349,-0.0005790467901858353,0.5528541125694377,0.0006707737216594424,0.9999997743699944,3.636721977993439e-05,-0.5528540088872831,0.0003405360114861017,0.8332780621692167,0.07067476,0.0005315905,0.11086674,0.0007742568,1.4463683e-05,-0.015300146,1.047179,-0.056456894,-6.064044e-05,0.006754859,0.8369150831659946,0.00094691675643133,-0.5473319348602939,-0.000782316578521089,0.9999995515015089,0.00053383288778876,0.5473321948780534,-1.858594908524052e-05,0.8369154485995196,0.00010329316,0.016506532,0.09063613,-0.03136107,0.004698432,0.025288153,0.4435888,0.00024743428,-0.011387582,0.0023446977,0.9991824637137133,-0.0313528773198931,-0.025522564345250527,0.024355561663003844,0.9707204681867442,-0.23897401377427557,0.03226779854705521,0.23815702745682682,0.9706904859170377,left_images/camera_left_13.png,right_images/camera_right_13.png
2025-05-30 17:00:06,0.7309787273406982,14,-0.034323208,-0.00027717487,0.11403818,-0.00067187607,0.00029504395,-0.027664801,1.0471791,0.057906944,2.6630416e-05,0.002030985,0.8332778805887909,-0.0005793482355770099,0.5528540838929155,0.0006711563374173046,0.9999997741144162,3.633576183848788e-05,-0.5528539800622074,0.00034077373545741415,0.8332780811965702,0.07067476,0.000531587,0.11086674,0.0007742638,1.4489078e-05,-0.015300146,1.047179,-0.056456894,-6.064044e-05,0.006754859,0.8369150831659946,0.00094691675643133,-0.5473319348602939,-0.000782316578521089,0.9999995515015089,0.00053383288778876,0.5473321948780534,-1.858594908524052e-05,0.8369154485995196,-0.0021997523,0.0140205445,0.090639345,-0.056309618,0.018213779,0.049747087,0.41692215,0.0002751742,-0.0113865305,0.0023519518,0.9972341102101284,-0.05634077305077906,-0.048475217642153776,0.04374404856339045,0.9721972928137044,-0.23004104429642178,0.060088165629325924,0.2272842738460916,0.9719728757602023,left_images/camera_left_14.png,right_images/camera_right_14.png
2025-05-30 17:00:06,0.7867190837860107,15,-0.034323208,-0.00027718217,0.11403818,-0.00067189004,0.0002950885,-0.027664801,1.0471791,0.057906944,2.6630416e-05,0.002030985,0.8332778805887909,-0.0005793482355770099,0.5528540838929155,0.0006711563374173046,0.9999997741144162,3.633576183848788e-05,-0.5528539800622074,0.00034077373545741415,0.8332780811965702,0.07067476,0.0005315835,0.11086674,0.0007742708,1.4514473e-05,-0.015300146,1.047179,-0.056456894,-6.064044e-05,0.006754859,0.8369150831659946,0.00094691675643133,-0.5473319348602939,-0.000782316578521089,0.9999995515015089,0.00053383288778876,0.5473321948780534,-1.858594908524052e-05,0.8369154485995196,-0.0040673134,0.012089553,0.09065026,-0.07712917,0.029567612,0.068796314,0.39025557,0.00029947067,-0.011390682,0.0023537064,0.9947793019505101,-0.07718722783902815,-0.06675531641286493,0.06051596738651546,0.9729058286025453,-0.2231413595962634,0.08217029939175073,0.21793664338454122,0.9724976408033849,left_images/camera_left_15.png,right_images/camera_right_15.png
2025-05-30 17:00:06,0.8400266170501709,16,-0.034323208,-0.00027718916,0.11403818,-0.000671904,0.00029513304,-0.027664801,1.0471791,0.05790694,2.6622032e-05,0.0020309878,0.8332778929867309,-0.0005796520212522803,0.5528540648879491,0.0006712289186451231,0.9999997740496128,3.6775837477892766e-05,-0.5528539612875475,0.0003404471437768978,0.8332780937864678,0.07067476,0.00053158,0.11086674,0.0007742778,1.4539868e-05,-0.015300146,1.047179,-0.056456894,-6.064044e-05,0.006754859,0.8369150831659946,0.00094691675643133,-0.5473319348602939,-0.000782316578521089,0.9999995515015089,0.00053383288778876,0.5473321948780534,-1.858594908524052e-05,0.8369154485995196,-0.0055290135,0.010634293,0.09066488,-0.0940224,0.039393935,0.08423485,0.363589,0.0003304538,-0.011408564,0.002349536,0.9921861048450172,-0.09408538221149668,-0.08194311567538297,0.07433618811352502,0.9732508203035994,-0.2173866875296684,0.10020411413321924,0.20959671188376894,0.9726398891050527,left_images/camera_left_16.png,right_images/camera_right_16.png
2025-05-30 17:00:07,0.8910601139068604,17,-0.034323208,-0.00027719614,0.11403818,-0.000671897,0.0002951768,-0.027664801,1.0471791,0.05790694,2.6622032e-05,0.0020309878,0.8332778929867309,-0.0005796520212522803,0.5528540648879491,0.0006712289186451231,0.9999997740496128,3.6775837477892766e-05,-0.5528539612875475,0.0003404471437768978,0.8332780937864678,0.07067476,0.0005315765,0.11086674,0.00077428477,1.4565263e-05,-0.015300146,1.047179,-0.056456894,-6.064044e-05,0.006754859,0.8369150831659946,0.00094691675643133,-0.5473319348602939,-0.000782316578521089,0.9999995515015089,0.00053383288778876,0.5473321948780534,-1.858594908524052e-05,0.8369154485995196,-0.0065903994,0.009864876,0.09069628,-0.10300925,0.047159024,0.09934005,0.33692217,0.00039075635,-0.011450623,0.002324,0.9899389240965873,-0.10308555029061188,-0.09692417593032689,0.08058662330767645,0.9738034745942141,-0.2126325210594623,0.11630443973622799,0.20268241707044482,0.9723132803310488,left_images/camera_left_17.png,right_images/camera_right_17.png
2025-05-30 17:00:07,0.9434502124786377,18,-0.034323208,-0.00027720313,0.11403818,-0.00067189004,0.00029522058,-0.027664801,1.0471791,0.05790694,2.6622032e-05,0.0020309878,0.8332778929867309,-0.0005796520212522803,0.5528540648879491,0.0006712289186451231,0.9999997740496128,3.6775837477892766e-05,-0.5528539612875475,0.0003404471437768978,0.8332780937864678,0.07067476,0.000531573,0.11086674,0.00077429216,1.4590661e-05,-0.015300146,1.0456979,-0.056456894,-6.064044e-05,0.006754859,0.8369150831659946,0.00094691675643133,-0.5473319348602939,-0.000782316578521089,0.9999995515015089,0.00053383288778876,0.5473321948780534,-1.858594908524052e-05,0.8369154485995196,-0.0074013374,0.009385871,0.09072531,-0.112734534,0.051887278,0.11441539,0.31025532,0.00047054817,-0.011462221,0.0023090672,0.9872979344897219,-0.11279390416442343,-0.1118942524693541,0.08733270725719632,0.9736079740871147,-0.21085661250506943,0.13272447700201176,0.19840627000508582,0.971091738831719,left_images/camera_left_18.png,right_images/camera_right_18.png
2025-05-30 17:00:07,1.0058462619781494,19,-0.034323208,-0.00027720543,0.11403807,-0.00067187083,0.00029525938,-0.027664801,1.0205142,0.057907,2.6625758e-05,0.0020310772,0.8332778929867309,-0.0005796520212522803,0.5528540648879491,0.0006712289186451231,0.9999997740496128,3.6775837477892766e-05,-0.5528539612875475,0.0003404471437768978,0.8332780937864678,0.07067476,0.00053156953,0.110866636,0.0007743113,1.4616284e-05,-0.015300174,1.0190332,-0.056456953,-6.064664e-05,0.0067549143,0.8369151515996536,0.0009471330813565058,-0.5473318298453463,-0.0007823383005279818,0.9999995512911888,0.0005341949125516247,0.5473320902064053,-1.8877162635827917e-05,0.836915517046936,-0.008168604,0.008722051,0.09074785,-0.13872172,0.058486875,0.12917016,0.2835884,0.00057134585,-0.01146922,0.0023056688,0.9821090083421549,-0.1385835815721772,-0.12750092804296523,0.10985471549765231,0.9715501323139402,-0.2098148752679266,0.1529504403920419,0.19205450090896967,0.9693921969277901,left_images/camera_left_19.png,right_images/camera_right_19.png
2025-05-30 17:00:07,1.072143793106079,20,-0.034323208,-0.00027721157,0.11403807,-0.00067186385,0.00029530315,-0.027664801,0.99384874,0.057906996,2.6635507e-05,0.0020310446,0.8332778491908619,-0.000579234870077707,0.5528541313355781,0.0006707650019929375,0.9999997743629303,3.672057430162637e-05,-0.552854027861029,0.0003402367613320003,0.8332780497029685,0.07067476,0.0005315721,0.110866636,0.0007743258,1.4603292e-05,-0.01530023,0.9923674,-0.056456953,-6.064044e-05,0.0067549185,0.8369150831659946,0.00094691675643133,-0.5473319348602939,-0.000782316578521089,0.9999995515015089,0.00053383288778876,0.5473321948780534,-1.858594908524052e-05,0.8369154485995196,-0.009240525,0.007100944,0.09076997,-0.19813624,0.07557277,0.13996083,0.2569218,0.0006807925,-0.011522779,0.0023001758,0.9700052840050764,-0.1970335682103588,-0.14236404742955747,0.16589270552922455,0.9646499877582839,-0.20476818935112157,0.1776776836139682,0.17500906866855975,0.968402017051461,left_images/camera_left_20.png,right_images/camera_right_20.png
2025-05-30 17:00:07,1.140714406967163,21,-0.034323208,-0.00027723223,0.11403807,-0.0006718185,0.00029537806,-0.027664857,0.96718043,0.057906993,2.6636793e-05,0.0020310474,0.833277672439247,-0.0005791757720118396,0.5528543978025824,0.0006707527245564955,0.9999997743744002,3.66323797273484e-05,-0.5528542942810641,0.00034030364949400727,0.8332778729141994,0.07067476,0.00053156883,0.110866636,0.0007743189,1.4577754e-05,-0.015300244,0.9656991,-0.056456953,-6.064044e-05,0.0067549185,0.8369150831659946,0.00094691675643133,-0.5473319348602939,-0.000782316578521089,0.9999995515015089,0.00053383288778876,0.5473321948780534,-1.858594908524052e-05,0.8369154485995196,-0.01112601,0.004193206,0.090795524,-0.29572842,0.107320845,0.14186265,0.2302558,0.0007903197,-0.011645283,0.0022906354,0.9440585077916492,-0.2909778019472237,-0.15519488599875766,0.25990095990119516,0.9461564182842273,-0.19297544709625694,0.20299020889846506,0.14184481278328495,0.9688524264189221,left_images/camera_left_21.png,right_images/camera_right_21.png
2025-05-30 17:00:07,1.200082540512085,22,-0.034323208,-0.0002772408,0.11403807,-0.000671829,0.00029542245,-0.027664857,0.9405121,0.057906993,2.6636793e-05,0.0020310474,0.833277672439247,-0.0005791757720118396,0.5528543978025824,0.0006707527245564955,0.9999997743744002,3.66323797273484e-05,-0.5528542942810641,0.00034030364949400727,0.8332778729141994,0.07067476,0.00053156534,0.110866636,0.00077432586,1.4603142e-05,-0.015300244,0.93903077,-0.056456953,-6.064044e-05,0.0067549185,0.8369150831659946,0.00094691675643133,-0.5473319348602939,-0.000782316578521089,0.9999995515015089,0.00053383288778876,0.5473321948780534,-1.858594908524052e-05,0.8369154485995196,-0.013763537,0.001092166,0.090825126,-0.4015325,0.14340304,0.1352009,0.20358995,0.0008918613,-0.011786446,0.0022872062,0.906279198377416,-0.38876160169915586,-0.16589885964856735,0.36014641603337527,0.9156860239068572,-0.17836385463418747,0.2212522849751005,0.10189957147092193,0.9698782932550555,left_images/camera_left_22.png,right_images/camera_right_22.png
2025-05-30 17:00:07,1.2547457218170166,23,-0.034323208,-0.00027724777,0.11403807,-0.00067183946,0.00029546686,-0.027664857,0.9138438,0.057906993,2.6636793e-05,0.0020310474,0.833277672439247,-0.0005791757720118396,0.5528543978025824,0.0006707527245564955,0.9999997743744002,3.66323797273484e-05,-0.5528542942810641,0.00034030364949400727,0.8332778729141994,0.07067476,0.00053156185,0.110866636,0.00077431893,1.4577605e-05,-0.015300259,0.91236246,-0.056456953,-6.064044e-05,0.0067549185,0.8369150831659946,0.00094691675643133,-0.5473319348602939,-0.000782316578521089,0.9999995515015089,0.00053383288778876,0.5473321948780534,-1.858594908524052e-05,0.8369154485995196,-0.017101606,-0.0012233346,0.09086325,-0.50948113,0.17638052,0.121489786,0.17692408,0.0009566571,-0.011912443,0.0022825534,0.8581173615758276,-0.48306958122259125,-0.17400682015246072,0.4581785128044896,0.8733854485606468,-0.16513724185290257,0.2317478029376041,0.06198094820142932,0.9707993190632374,left_images/camera_left_23.png,right_images/camera_right_23.png
2025-05-30 17:00:07,1.30545973777771,24,-0.034323208,-0.0002772563,0.11403807,-0.0006718672,0.00029544774,-0.027664857,0.8871755,0.057906996,2.6627202e-05,0.00203108,0.8332776531721913,-0.000579535827521127,0.5528544264651143,0.0006711595613293823,0.9999997741000346,3.667047140239863e-05,-0.5528543228271703,0.0003404968499944247,0.8332778538958098,0.07067476,0.00053155835,0.110866636,0.0007743259,1.4602992e-05,-0.015300259,0.88569415,-0.056456953,-6.064044e-05,0.0067549185,0.8369150831659946,0.00094691675643133,-0.5473319348602939,-0.000782316578521089,0.9999995515015089,0.00053383288778876,0.5473321948780534,-1.858594908524052e-05,0.8369154485995196,-0.020740576,-0.002583177,0.09090619,-0.6129113,0.20384279,0.10616921,0.15025729,0.0010075287,-0.012001313,0.0022815308,0.8030425303572777,-0.5673752289989676,-0.1822307437172718,0.546262075206089,0.8230721947088013,-0.15540240502892538,0.23816053331506884,0.02524899632868892,0.9708975479191797,left_images/camera_left_24.png,right_images/camera_right_24.png
2025-05-30 17:00:07,1.3579885959625244,25,-0.034322623,-0.00027732673,0.11403228,-0.00067153503,0.0002951636,-0.027656307,0.86050844,0.057910144,2.668861e-05,0.0020359126,0.8332827478394939,-0.0005791437372788221,0.5528467479741505,0.0006706814368433038,0.9999997744206066,3.667623277608405e-05,-0.552846644504127,0.00034022237925739496,0.833282948289031,0.07067476,0.00053155486,0.110866636,0.000774319,1.4577457e-05,-0.015300273,0.85902584,-0.056456953,-6.064044e-05,0.0067549185,0.8369150831659946,0.00094691675643133,-0.5473319348602939,-0.000782316578521089,0.9999995515015089,0.00053383288778876,0.5473321948780534,-1.858594908524052e-05,0.8369154485995196,-0.023975713,-0.0031117029,0.090945415,-0.69694334,0.22373733,0.093214184,0.123590335,0.0010419906,-0.012050962,0.0022829846,0.7522321579112126,-0.6309612003738331,-0.18982819660696532,0.6129786014448783,0.7758049953685554,-0.14961231009471504,0.24166922595755141,-0.003817431598312007,0.9703511799555203,left_images/camera_left_25.png,right_images/camera_right_25.png
2025-05-30 17:00:07,1.4118232727050781,26,-0.034322303,-0.00027773905,0.114027575,-0.00067098055,0.00029502454,-0.027641475,0.8338411,0.05791285,2.6584537e-05,0.002039766,0.8332913080444743,-0.0005780455125009766,0.5528338464682807,0.0006699136922570633,0.9999997749656377,3.5837396081389274e-05,-0.5528337427773147,0.0003404879726346716,0.8332915077658997,0.07067476,0.00053155137,0.110866636,0.000774326,1.4602846e-05,-0.015300273,0.8323575,-0.056456953,-6.064044e-05,0.0067549185,0.8369150831659946,0.00094691675643133,-0.5473319348602939,-0.000782316578521089,0.9999995515015089,0.00053383288778876,0.5473321948780534,-1.858594908524052e-05,0.8369154485995196,-0.026484247,-0.0029696375,0.09097903,-0.7603273,0.23547126,0.08437358,0.09692326,0.0010504953,-0.012060643,0.002280376,0.7104599764171495,-0.6760286816839308,-0.1955296485191685,0.6599465348270034,0.7364984549958522,-0.1484607589855087,0.24437101521901888,-0.023563686668450518,0.9693954608885977,left_images/camera_left_26.png,right_images/camera_right_26.png
2025-05-30 17:00:07,1.467580795288086,27,-0.034321845,-0.00027776658,0.11402498,-0.0006704371,0.0002946707,-0.027628435,0.8071741,0.05791445,2.65766e-05,0.0020419261,0.8332988261408341,-0.0005776024588458195,0.5528225146714878,0.0006695948860356552,0.9999997751909051,3.550813498213136e-05,-0.5528224109015447,0.00034057824151033887,0.8332990255673318,0.07067476,0.0005315479,0.110866636,0.00077431905,1.457731e-05,-0.015300286,0.8056892,-0.056456953,-6.064044e-05,0.0067549185,0.8369150831659946,0.00094691675643133,-0.5473319348602939,-0.000782316578521089,0.9999995515015089,0.00053383288778876,0.5473321948780534,-1.858594908524052e-05,0.8369154485995196,-0.028052492,-0.002546628,0.09099745,-0.8005268,0.23968476,0.0793341,0.07025674,0.0010263339,-0.012041708,0.0022773752,0.6825790920706886,-0.7035413782547072,-0.19777591398201597,0.68809309854287,0.7098672425591799,-0.15038745186716473,0.2461984378618737,-0.03343691111471981,0.968642504833171,left_images/camera_left_27.png,right_images/camera_right_27.png
2025-05-30 17:00:07,1.5337777137756348,28,-0.034321725,-0.0002777935,0.11402448,-0.00067044905,0.00029465562,-0.027627766,0.78050655,0.057914723,2.6579348e-05,0.0020423396,0.8332990535291023,-0.0005775222944492178,0.5528221720006367,0.0006695146615663477,0.9999997752454836,3.5483799013322735e-05,-0.5528220682440418,0.0003405539332599608,0.8332992529010201,0.07067476,0.0005315444,0.110866636,0.00077432604,1.4602699e-05,-0.015300286,0.7790209,-0.056456953,-6.064044e-05,0.0067549185,0.8369150831659946,0.00094691675643133,-0.5473319348602939,-0.000782316578521089,0.9999995515015089,0.00053383288778876,0.5473321948780534,-1.858594908524052e-05,0.8369154485995196,-0.029257193,-0.0019846756,0.09100868,-0.83900976,0.24235342,0.07356357,0.043590385,0.001008139,-0.012023363,0.0022761095,0.6551213785739965,-0.7289131026216784,-0.19875026581553284,0.7140343977952477,0.6833136581918435,-0.152437932594412,0.2469227776056402,-0.042049177815018275,0.9681224140286169,left_images/camera_left_28.png,right_images/camera_right_28.png
2025-05-30 17:00:07,1.595874547958374,29,-0.034321744,-0.00027779368,0.1140246,-0.000670521,0.00029470335,-0.027627774,0.7538383,0.057914663,2.6579348e-05,0.0020422502,0.8332990535291023,-0.0005775222944492178,0.5528221720006367,0.0006695146615663477,0.9999997752454836,3.5483799013322735e-05,-0.5528220682440418,0.0003405539332599608,0.8332992529010201,0.07067476,0.0005315409,0.110866636,0.0007743191,1.4577163e-05,-0.015300299,0.7523526,-0.056456953,-6.064044e-05,0.0067549185,0.8369150831659946,0.00094691675643133,-0.5473319348602939,-0.000782316578521089,0.9999995515015089,0.00053383288778876,0.5473321948780534,-1.858594908524052e-05,0.8369154485995196,-0.031152297,-0.00082759315,0.09102208,-0.9077057,0.24748455,0.060919918,0.016923888,0.0009912706,-0.012018444,0.0022750748,0.6042268083705284,-0.7713254757932699,-0.19991741904759253,0.7580660702816058,0.6337444304451679,-0.15396048183716937,0.2454501927768002,-0.05852356168258797,0.9676410468731761,left_images/camera_left_29.png,right_images/camera_right_29.png
2025-05-30 17:00:07,1.6490914821624756,30,-0.034321744,-0.00027780066,0.1140246,-0.00067059294,0.00029475073,-0.027627774,0.72717,0.057914663,2.6572745e-05,0.0020422502,0.8332990534396423,-0.0005777626226626735,0.5528221718843663,0.0006695458453689796,0.999999775210772,3.587152363995942e-05,-0.5528220683411228,0.00034024808171841754,0.833299252961555,0.07067476,0.0005315374,0.110866636,0.0007743261,1.4602551e-05,-0.015300299,0.7256843,-0.056456953,-6.064044e-05,0.0067549185,0.8369150831659946,0.00094691675643133,-0.5473319348602939,-0.000782316578521089,0.9999995515015089,0.00053383288778876,0.5473321948780534,-1.858594908524052e-05,0.8369154485995196,-0.033477068,0.00073243404,0.09103857,-0.9914514,0.25425947,0.045275968,0.0013396135,0.000978535,-0.012018825,0.002276672,0.5385329493791153,-0.8178953214292257,-0.20255741313813805,0.8070136764807347,0.5697897101812066,-0.15514062055008168,0.24230391743857324,-0.07991826672169416,0.9669032434727484,left_images/camera_left_30.png,right_images/camera_right_30.png
2025-05-30 17:00:07,1.7225048542022705,31,-0.034321744,-0.00027780578,0.1140246,-0.00067060365,0.00029479398,-0.027627774,0.7005017,0.057914663,2.6572745e-05,0.0020422502,0.8332990534396423,-0.0005777626226626735,0.5528221718843663,0.0006695458453689796,0.999999775210772,3.587152363995942e-05,-0.5528220683411228,0.00034024808171841754,0.833299252961555,0.07067476,0.0005315339,0.110866636,0.00077431917,1.45770155e-05,-0.015300313,0.699016,-0.056456953,-6.064044e-05,0.0067549185,0.8369150831659946,0.00094691675643133,-0.5473319348602939,-0.000782316578521089,0.9999995515015089,0.00053383288778876,0.5473321948780534,-1.858594908524052e-05,0.8369154485995196,-0.035689414,0.002508018,0.09104895,-1.0798819,0.2600501,0.027013134,8.872902e-05,0.00096105086,-0.012014291,0.002283847,0.46569176194823675,-0.8609229510367417,-0.2047995489051054,0.8528828239532357,0.49836582373200655,-0.15563545335646484,0.23605522967962514,-0.10219186911935035,0.9663512562349121,left_images/camera_left_31.png,right_images/camera_right_31.png
2025-05-30 17:00:07,1.7767837047576904,32,-0.03664919,-0.0030175322,0.11401964,0.08370915,0.020241773,0.008508288,0.67383486,0.057945218,-2.5284084e-05,0.0020294357,0.8484209420046547,0.061644639260949236,0.525720309307451,-0.08346183356593914,0.9963508550155901,0.017863259711321768,-0.5227007054766102,-0.05903314458920593,0.8504699056016997,0.07245774,-0.0025782855,0.11087203,-0.11242928,0.019840932,-0.043500155,0.6723493,-0.056472912,-0.00011509377,0.0067497035,0.8457760271983307,-0.08311240741683756,-0.5270248946207252,0.11134087166502593,0.9935387523744714,0.02199904150301085,0.5217912629715844,-0.07728567308082768,0.8495650667388358,-0.037642747,0.00348772,0.09101635,-1.1550374,0.2628891,0.011218194,5.9190193e-06,0.00090668316,-0.011945505,0.0023421524,0.40119551556542343,-0.8925852512782615,-0.20575161600997616,0.8866837375748946,0.43480044088699554,-0.1572912143912987,0.22985671147566972,-0.1193320820441716,0.965880813757367,left_images/camera_left_32.png,right_images/camera_right_32.png
2025-05-30 17:00:07,1.8442189693450928,33,-0.038713425,-0.0057341787,0.11395278,0.18641546,0.04045251,0.035139244,0.64716834,0.05789896,-0.00012246615,0.0021542227,0.8491306912956895,0.1380872593004606,0.5098126890521572,-0.18402528223611528,0.9820867459296801,0.04050085143758993,-0.49508763325054106,-0.1282089399696409,0.8593315443495826,0.07256024,-0.005007555,0.11093441,-0.22112307,0.039898217,-0.054549497,0.6698675,-0.056413688,-0.0002576625,0.006731488,0.8364217987160653,-0.16166195674347075,-0.5237021924476296,0.2171469547848827,0.9750629506928616,0.0458196705987954,0.503235307445964,-0.1520449076029914,0.8506683086913276,-0.03877788,0.004434934,0.090970546,-1.2191741,0.26211712,-0.0029905112,4.453458e-07,0.0008527313,-0.011879246,0.0024014693,0.3446146939356494,-0.9161696646879919,-0.20463102948754208,0.9118294606228704,0.37850801641666215,-0.15905570171650343,0.22317649397695127,-0.1317756692785754,0.9658299154211054,left_images/camera_left_33.png,right_images/camera_right_33.png
2025-05-30 17:00:08,1.894604206085205,34,-0.04068051,-0.006432372,0.11363854,0.26264474,0.048906833,0.054400444,0.620502,0.05794081,-0.00025066148,0.0025153486,0.8434401941141194,0.1962614263600848,0.5000900833608297,-0.25702836486258596,0.9648465075164281,0.054841923648034294,-0.47174681621480186,-0.1747932191375181,0.8642350790929176,0.07251283,-0.0064556007,0.11106979,-0.315805,0.061896082,-0.06161381,0.661358,-0.056236144,-0.0005241397,0.0067142835,0.8193833857718744,-0.22518913559626916,-0.5271628973385974,0.30676232642316636,0.9491059574288876,0.07137756412515905,0.4842599944332241,-0.22019930695258688,0.8467611959750718,-0.03919221,0.0051248204,0.0909123,-1.2738758,0.25835642,-0.016058892,1.1469021e-07,0.0008004698,-0.011807006,0.002464681,0.29543451076383737,-0.9338629976372258,-0.20153995011844839,0.930578685054119,0.32903351518561214,-0.16050002120730714,0.21619842916330018,-0.14013153652413216,0.9662408559457145,left_images/camera_left_34.png,right_images/camera_right_34.png
2025-05-30 17:00:08,1.9475772380828857,35,-0.0423217,-0.0052173473,0.11313525,0.3286524,0.045481417,0.068347335,0.59383553,0.058116555,-0.00039141628,0.0030054199,0.8334966291393183,0.2503905162271191,0.4925321904169414,-0.31942679648339306,0.9457238106837915,0.05977453968107939,-0.4508324421575608,-0.20714985708236627,0.8682390487699828,0.07267902,-0.0068502016,0.11122861,-0.39474252,0.07704423,-0.067824416,0.6346904,-0.056016,-0.0007679495,0.006696795,0.8000974227629062,-0.2775258486293791,-0.5318115431529274,0.3793246737981002,0.9208631670325192,0.09013223313999931,0.4647116374012167,-0.2738438075717274,0.8420526486618866,-0.038951207,0.0043707006,0.0907938,-1.3169566,0.25312513,-0.02594785,2.476416e-07,0.0007742371,-0.011640368,0.0026088636,0.255989907727861,-0.9461934462879102,-0.197957392747249,0.943148777182389,0.2893734736643573,-0.16350344595386251,0.21198950738384514,-0.14484804086086522,0.9664778806666625,left_images/camera_left_35.png,right_images/camera_right_35.png
2025-05-30 17:00:08,1.9994568824768066,36,-0.043899667,-0.0025622942,0.112548664,0.38643762,0.032929927,0.079532444,0.56716895,0.058383025,-0.0005435128,0.0035308814,0.8215098152465556,0.3011727509949811,0.484165878095189,-0.37347904909918217,0.9258367714998175,0.05778989896829474,-0.43085383059402055,-0.22830078098182266,0.8730657077594728,0.07325338,-0.0065411306,0.11141637,-0.4819716,0.08026218,-0.075527,0.6080228,-0.055779953,-0.00088423694,0.006641795,0.7736218198636859,-0.3402745794867678,-0.5345301585372918,0.4573270185318225,0.8837358812021875,0.09931208585357312,0.4385901024323201,-0.3212850803117019,0.8392941196133274,-0.038155876,0.002257697,0.090607785,-1.3495877,0.24871135,-0.035034787,2.1491779e-07,0.00080173765,-0.011417026,0.002841779,0.2261420497108022,-0.9543331416010816,-0.19521277671916662,0.9515037123222037,0.25932567470312007,-0.1655019029402286,0.20856763600727304,-0.14831874217907093,0.9666959666455406,left_images/camera_left_36.png,right_images/camera_right_36.png
2025-05-30 17:00:08,2.047762870788574,37,-0.04559434,0.0004946921,0.11195732,0.45473844,0.015776046,0.09203528,0.5405021,0.05869433,-0.0006925272,0.004038104,0.8036298901150727,0.3611397717524698,0.47302966605933977,-0.43602074540600433,0.8982560927571144,0.05497182369464271,-0.40504926773076483,-0.2504277482294975,0.8793298775928604,0.074160896,-0.0062473654,0.11167292,-0.58864546,0.07379038,-0.084300816,0.58135504,-0.055516124,-0.0008465112,0.006508677,0.7331350976093617,-0.4190600133495437,-0.5356319948106086,0.5486141503696275,0.829874735614422,0.10163875837053887,0.4019147206404903,-0.3683702327826901,0.8383125484758672,-0.036870092,-0.0026000428,0.09027533,-1.3774458,0.24628969,-0.046543915,1.9692763e-07,0.00090382376,-0.011041059,0.0032751858,0.20136521121475187,-0.9600743304599937,-0.19418890726360483,0.9578553155112925,0.2344654320526704,-0.16594925645846192,0.20485420732608872,-0.15258846995808412,0.9668254819648944,left_images/camera_left_37.png,right_images/camera_right_37.png
