Epoch Time (Seconds),Time (Seconds),Frame Number,PSM1_joint_1,PSM1_joint_2,PSM1_joint_3,PSM1_joint_4,PSM1_joint_5,PSM1_joint_6,PSM1_jaw_angle,PSM1_ee_x,PSM1_ee_y,PSM1_ee_z,"PSM1_Orientation_Matrix_[1,1]","PSM1_Orientation_Matrix_[1,2]","PSM1_Orientation_Matrix_[1,3]","PSM1_Orientation_Matrix_[2,1]","PSM1_Orientation_Matrix_[2,2]","PSM1_Orientation_Matrix_[2,3]","PSM1_Orientation_Matrix_[3,1]","PSM1_Orientation_Matrix_[3,2]","PSM1_Orientation_Matrix_[3,3]",PSM2_joint_1,PSM2_joint_2,PSM2_joint_3,PSM2_joint_4,PSM2_joint_5,PSM2_joint_6,PSM2_jaw_angle,PSM2_ee_x,PSM2_ee_y,PSM2_ee_z,"PSM2_Orientation_Matrix_[1,1]","PSM2_Orientation_Matrix_[1,2]","PSM2_Orientation_Matrix_[1,3]","PSM2_Orientation_Matrix_[2,1]","PSM2_Orientation_Matrix_[2,2]","PSM2_Orientation_Matrix_[2,3]","PSM2_Orientation_Matrix_[3,1]","PSM2_Orientation_Matrix_[3,2]","PSM2_Orientation_Matrix_[3,3]",Camera Left,Camera Right
2025-05-07 16:11:12,0.0018839836120605469,1,-0.06550272,-0.0006223965,0.114032045,0.00016293507,9.869986e-06,0.012456442,0.7733493,0.035163946,7.2314615e-05,0.0028103665,0.8381876895809005,0.00047567805923525266,0.5453816743945616,-0.0001704814778139941,0.9999997993065208,-0.0006101827461180223,-0.5453818551905605,0.0004184701923673389,0.8381876024563955,-0.0009051211,1.9246148e-05,0.10708704,0.0007040797,0.000115302355,-0.014006547,0.9759102,-0.04523686,-4.475381e-06,0.0047320416,0.8732869566335646,0.000677250096441753,-0.4872057396069896,-0.0007060883117546822,0.999999742975853,0.00012444888176862674,0.48720569866636704,0.00023533069294011616,0.8732872103761067,left_images/camera_left_1.png,right_images/camera_right_1.png
2025-05-07 16:11:12,0.04778289794921875,2,-0.06550272,-0.000622393,0.114032045,0.0001629101,9.8509e-06,0.012456442,0.746681,0.03516388,7.231016e-05,0.0028103683,0.8381876896852265,0.00047543884909778987,0.54538167444281,-0.0001701283914568895,0.9999997993031633,-0.0006102867879336952,-0.5453818551404813,0.0004187499658205415,0.8381876023492553,-0.0009051227,1.92527e-05,0.10708704,0.0007040813,0.00011526536,-0.014006547,1.0025783,-0.04523686,-4.475381e-06,0.0047320416,0.8732869566335646,0.000677250096441753,-0.4872057396069896,-0.0007060883117546822,0.999999742975853,0.00012444888176862674,0.48720569866636704,0.00023533069294011616,0.8732872103761067,left_images/camera_left_2.png,right_images/camera_right_2.png
2025-05-07 16:11:12,0.09273147583007812,3,-0.06550272,-0.0006223895,0.114032045,0.0001628893,9.831546e-06,0.012456442,0.72001266,0.03516388,7.231016e-05,0.0028103683,0.8381876896852265,0.00047543884909778987,0.54538167444281,-0.0001701283914568895,0.9999997993031633,-0.0006102867879336952,-0.5453818551404813,0.0004187499658205415,0.8381876023492553,-0.0009051227,1.925847e-05,0.10708704,0.00070408295,0.00011522835,-0.014006547,1.029243,-0.04523686,-4.475381e-06,0.0047320416,0.8732869566335646,0.000677250096441753,-0.4872057396069896,-0.0007060883117546822,0.999999742975853,0.00012444888176862674,0.48720569866636704,0.00023533069294011616,0.8732872103761067,left_images/camera_left_3.png,right_images/camera_right_3.png
2025-05-07 16:11:12,0.14231181144714355,4,-0.06550272,-0.000622386,0.114032045,0.00016286848,9.812192e-06,0.012456442,0.69334435,0.03516388,7.231016e-05,0.0028103683,0.8381876896852265,0.00047543884909778987,0.54538167444281,-0.0001701283914568895,0.9999997993031633,-0.0006102867879336952,-0.5453818551404813,0.0004187499658205415,0.8381876023492553,-0.0009051227,1.9264242e-05,0.10708704,0.0007040967,0.000115191484,-0.014006547,1.0393248,-0.04523686,-4.475381e-06,0.0047320416,0.8732869566335646,0.000677250096441753,-0.4872057396069896,-0.0007060883117546822,0.999999742975853,0.00012444888176862674,0.48720569866636704,0.00023533069294011616,0.8732872103761067,left_images/camera_left_4.png,right_images/camera_right_4.png
2025-05-07 16:11:12,0.1891772747039795,5,-0.06550272,-0.0006223825,0.114032045,0.00016284767,9.792838e-06,0.012456442,0.66667604,0.03516388,7.231016e-05,0.0028103683,0.8381876896852265,0.00047543884909778987,0.54538167444281,-0.0001701283914568895,0.9999997993031633,-0.0006102867879336952,-0.5453818551404813,0.0004187499658205415,0.8381876023492553,-0.0009051227,1.9270012e-05,0.10708704,0.00070409995,0.00011515451,-0.014006547,1.0402353,-0.04523686,-4.475381e-06,0.0047320416,0.8732869566335646,0.000677250096441753,-0.4872057396069896,-0.0007060883117546822,0.999999742975853,0.00012444888176862674,0.48720569866636704,0.00023533069294011616,0.8732872103761067,left_images/camera_left_5.png,right_images/camera_right_5.png
2025-05-07 16:11:12,0.23407602310180664,6,-0.06550272,-0.000622379,0.114032045,0.00016282687,9.773483e-06,0.012456442,0.64000773,0.03516388,7.231016e-05,0.0028103683,0.8381876896852265,0.00047543884909778987,0.54538167444281,-0.0001701283914568895,0.9999997993031633,-0.0006102867879336952,-0.5453818551404813,0.0004187499658205415,0.8381876023492553,-0.0009051227,1.9275778e-05,0.10708704,0.0007041019,0.00011511752,-0.014006547,1.0427315,-0.04523686,-4.475381e-06,0.0047320416,0.8732869566335646,0.000677250096441753,-0.4872057396069896,-0.0007060883117546822,0.999999742975853,0.00012444888176862674,0.48720569866636704,0.00023533069294011616,0.8732872103761067,left_images/camera_left_6.png,right_images/camera_right_6.png
2025-05-07 16:11:12,0.27420520782470703,7,-0.06550272,-0.0006223755,0.114032045,0.00016280606,9.754129e-06,0.012456442,0.6133394,0.03516388,7.231016e-05,0.0028103683,0.8381876896852265,0.00047543884909778987,0.54538167444281,-0.0001701283914568895,0.9999997993031633,-0.0006102867879336952,-0.5453818551404813,0.0004187499658205415,0.8381876023492553,-0.0009051227,1.9281548e-05,0.10708704,0.0007041037,0.00011508053,-0.014006547,1.0403239,-0.04523686,-4.475381e-06,0.0047320416,0.8732869566335646,0.000677250096441753,-0.4872057396069896,-0.0007060883117546822,0.999999742975853,0.00012444888176862674,0.48720569866636704,0.00023533069294011616,0.8732872103761067,left_images/camera_left_7.png,right_images/camera_right_7.png
2025-05-07 16:11:12,0.32480740547180176,8,-0.06550272,-0.000622372,0.114032045,0.00016278525,9.734776e-06,0.012456442,0.5866711,0.035163883,7.2316034e-05,0.0028103665,0.838187689682479,0.00047555622846526247,0.5453816743446936,-0.00017009795362009185,0.9999997991484094,-0.0006105487915130112,-0.5453818551541975,0.00041898617424878873,0.8381876022222897,-0.0009051227,1.9287314e-05,0.10708704,0.0007041053,0.000115043535,-0.014006547,1.042978,-0.04523686,-4.475381e-06,0.0047320416,0.8732869566335646,0.000677250096441753,-0.4872057396069896,-0.0007060883117546822,0.999999742975853,0.00012444888176862674,0.48720569866636704,0.00023533069294011616,0.8732872103761067,left_images/camera_left_8.png,right_images/camera_right_8.png
2025-05-07 16:11:12,0.372298002243042,9,-0.06550272,-0.00062237517,0.114032045,0.0001627389,9.706046e-06,0.01245647,0.5600028,0.035163883,7.2316034e-05,0.0028103665,0.838187689682479,0.00047555622846526247,0.5453816743446936,-0.00017009795362009185,0.9999997991484094,-0.0006105487915130112,-0.5453818551541975,0.00041898617424878873,0.8381876022222897,-0.0009051227,1.9293084e-05,0.10708704,0.0007041071,0.00011500655,-0.014006547,1.0403055,-0.04523686,-4.475381e-06,0.0047320416,0.8732869566335646,0.000677250096441753,-0.4872057396069896,-0.0007060883117546822,0.999999742975853,0.00012444888176862674,0.48720569866636704,0.00023533069294011616,0.8732872103761067,left_images/camera_left_9.png,right_images/camera_right_9.png
2025-05-07 16:11:12,0.4162142276763916,10,-0.06550272,-0.00062237866,0.114032045,0.00016271122,9.726633e-06,0.012456442,0.5333345,0.035163883,7.2316034e-05,0.0028103665,0.838187689682479,0.00047555622846526247,0.5453816743446936,-0.00017009795362009185,0.9999997991484094,-0.0006105487915130112,-0.5453818551541975,0.00041898617424878873,0.8381876022222897,-0.0009051062,1.929885e-05,0.10708707,0.0007041085,0.00011496958,-0.014006575,1.0452065,-0.045236863,-4.4663925e-06,0.00473201,0.8732871815968912,0.0006769607051333639,-0.4872053367757398,-0.0007060197002604245,0.9999997430828285,0.00012397765882032934,0.487205295532326,0.00023570846558350063,0.8732874351820127,left_images/camera_left_10.png,right_images/camera_right_10.png
2025-05-07 16:11:12,0.46424055099487305,11,-0.06550272,-0.00062238215,0.114032045,0.00016266487,9.6979065e-06,0.01245647,0.5066662,0.035163883,7.2316034e-05,0.0028103665,0.838187689682479,0.00047555622846526247,0.5453816743446936,-0.00017009795362009185,0.9999997991484094,-0.0006105487915130112,-0.5453818551541975,0.00041898617424878873,0.8381876022222897,-0.0009051267,1.9304602e-05,0.10708704,0.0007040964,0.00011493258,-0.014006547,1.0405567,-0.045236863,-4.466838e-06,0.0047320426,0.8732870264470461,0.000676965775881096,-0.48720561486564845,-0.0007060355562363862,0.9999997430738478,0.0001239597997982397,0.4872055736063265,0.00023573200232838268,0.8732872800386787,left_images/camera_left_11.png,right_images/camera_right_11.png
2025-05-07 16:11:12,0.5087101459503174,12,-0.06550272,-0.00062238565,0.114032045,0.0001626372,9.718493e-06,0.012456442,0.47999924,0.035163883,7.2316034e-05,0.0028103665,0.838187689682479,0.00047555622846526247,0.5453816743446936,-0.00017009795362009185,0.9999997991484094,-0.0006105487915130112,-0.5453818551541975,0.00041898617424878873,0.8381876022222897,-0.00090513064,1.9304687e-05,0.10708706,0.00070411013,0.00011493477,-0.014006547,1.0447769,-0.045236863,-4.466838e-06,0.0047320426,0.8732870264470461,0.000676965775881096,-0.48720561486564845,-0.0007060355562363862,0.9999997430738478,0.0001239597997982397,0.4872055736063265,0.00023573200232838268,0.8732872800386787,left_images/camera_left_12.png,right_images/camera_right_12.png
2025-05-07 16:11:12,0.555140495300293,13,-0.06550272,-0.00062238914,0.114032045,0.00016257583,9.741171e-06,0.012456498,0.45333272,0.035163883,7.2309376e-05,0.0028103665,0.8381878328568386,0.00047537454212668456,0.5453814544608212,-0.00017006419351290963,0.9999997993257062,-0.0006102677423330165,-0.5453816351225317,0.0004187691391987695,0.8381877454982753,-0.00090513064,1.930436e-05,0.10708704,0.0007041249,0.00011493702,-0.014006547,1.0406997,-0.045236863,-4.466838e-06,0.0047320426,0.8732870264470461,0.000676965775881096,-0.48720561486564845,-0.0007060355562363862,0.9999997430738478,0.0001239597997982397,0.4872055736063265,0.00023573200232838268,0.8732872800386787,left_images/camera_left_13.png,right_images/camera_right_13.png
2025-05-07 16:11:12,0.5978953838348389,14,-0.06550272,-0.00062239263,0.114032045,0.00016251102,9.764069e-06,0.012456554,0.4266662,0.03516392,7.232823e-05,0.0028103665,0.8381878952970475,0.00047502988493189097,0.545381358797781,-0.00016971958992529777,0.9999997994466479,-0.0006101654895694353,-0.5453815392665636,0.0004188714269170366,0.8381878078175328,-0.00090513146,1.9304032e-05,0.10708706,0.00070413866,0.00011493922,-0.014006547,1.0450954,-0.045236863,-4.466838e-06,0.0047320426,0.8732870264470461,0.000676965775881096,-0.48720561486564845,-0.0007060355562363862,0.9999997430738478,0.0001239597997982397,0.4872055736063265,0.00023573200232838268,0.8732872800386787,left_images/camera_left_14.png,right_images/camera_right_14.png
2025-05-07 16:11:12,0.646371603012085,15,-0.06550272,-0.0006223961,0.114032045,0.00016248321,9.7841385e-06,0.012456554,0.39999968,0.03516392,7.232823e-05,0.0028103665,0.8381878952970475,0.00047502988493189097,0.545381358797781,-0.00016971958992529777,0.9999997994466479,-0.0006101654895694353,-0.5453815392665636,0.0004188714269170366,0.8381878078175328,-0.00090513146,1.9303705e-05,0.10708703,0.0007041532,0.00011494148,-0.014006547,1.0404465,-0.045236863,-4.466838e-06,0.0047320426,0.8732870264470461,0.000676965775881096,-0.48720561486564845,-0.0007060355562363862,0.9999997430738478,0.0001239597997982397,0.4872055736063265,0.00023573200232838268,0.8732872800386787,left_images/camera_left_15.png,right_images/camera_right_15.png
2025-05-07 16:11:12,0.7035632133483887,16,-0.06550272,-0.0006223996,0.114032045,0.00016245541,9.804207e-06,0.012456554,0.37333316,0.03516392,7.232823e-05,0.0028103665,0.8381878952970475,0.00047502988493189097,0.545381358797781,-0.00016971958992529777,0.9999997994466479,-0.0006101654895694353,-0.5453815392665636,0.0004188714269170366,0.8381878078175328,-0.00090513227,1.9303377e-05,0.10708706,0.00070416695,0.00011494367,-0.014006547,1.0451127,-0.045236863,-4.466838e-06,0.0047320426,0.8732870264470461,0.000676965775881096,-0.48720561486564845,-0.0007060355562363862,0.9999997430738478,0.0001239597997982397,0.4872055736063265,0.00023573200232838268,0.8732872800386787,left_images/camera_left_16.png,right_images/camera_right_16.png
2025-05-07 16:11:12,0.762789249420166,17,-0.06550272,-0.0006224031,0.114032045,0.00016242762,9.824276e-06,0.012456554,0.34666663,0.03516392,7.232823e-05,0.0028103665,0.8381878952970475,0.00047502988493189097,0.545381358797781,-0.00016971958992529777,0.9999997994466479,-0.0006101654895694353,-0.5453815392665636,0.0004188714269170366,0.8381878078175328,-0.00090513227,1.930305e-05,0.10708706,0.0007041823,0.0001149459,-0.014006547,1.0428144,-0.045236863,-4.466838e-06,0.0047320426,0.8732870264470461,0.000676965775881096,-0.48720561486564845,-0.0007060355562363862,0.9999997430738478,0.0001239597997982397,0.4872055736063265,0.00023573200232838268,0.8732872800386787,left_images/camera_left_17.png,right_images/camera_right_17.png
2025-05-07 16:11:12,0.8164045810699463,18,-0.06550272,-0.0006224066,0.114032045,0.00016239983,9.844345e-06,0.012456554,0.3200001,0.03516392,7.232823e-05,0.0028103665,0.8381878952970475,0.00047502988493189097,0.545381358797781,-0.00016971958992529777,0.9999997994466479,-0.0006101654895694353,-0.5453815392665636,0.0004188714269170366,0.8381878078175328,-0.00090513227,1.9302723e-05,0.10708706,0.0007041968,0.00011494813,-0.014006547,1.0394028,-0.045236863,-4.466838e-06,0.0047320426,0.8732870264470461,0.000676965775881096,-0.48720561486564845,-0.0007060355562363862,0.9999997430738478,0.0001239597997982397,0.4872055736063265,0.00023573200232838268,0.8732872800386787,left_images/camera_left_18.png,right_images/camera_right_18.png
2025-05-07 16:11:12,0.8726112842559814,19,-0.06550272,-0.0006224101,0.114032045,0.00016237203,9.864414e-06,0.012456554,0.2933336,0.03516392,7.232823e-05,0.0028103665,0.8381878952970475,0.00047502988493189097,0.545381358797781,-0.00016971958992529777,0.9999997994466479,-0.0006101654895694353,-0.5453815392665636,0.0004188714269170366,0.8381878078175328,-0.0009051466,1.9297635e-05,0.1070871,0.00070421066,0.00011495585,-0.014006538,1.0447696,-0.045236833,-4.4705635e-06,0.0047320127,0.8732870264470461,0.000676965775881096,-0.48720561486564845,-0.0007060355562363862,0.9999997430738478,0.0001239597997982397,0.4872055736063265,0.00023573200232838268,0.8732872800386787,left_images/camera_left_19.png,right_images/camera_right_19.png
2025-05-07 16:11:12,0.9245283603668213,20,-0.06550272,-0.0006224136,0.114032045,0.00016234424,9.884483e-06,0.012456554,0.26666707,0.03516392,7.232823e-05,0.0028103665,0.8381878952970475,0.00047502988493189097,0.545381358797781,-0.00016971958992529777,0.9999997994466479,-0.0006101654895694353,-0.5453815392665636,0.0004188714269170366,0.8381878078175328,-0.0009051201,1.9301297e-05,0.10708707,0.0007042254,0.0001149526,-0.014006566,1.04039,-0.045236863,-4.4663925e-06,0.00473201,0.8732871815968912,0.0006769607051333639,-0.4872053367757398,-0.0007060197002604245,0.9999997430828285,0.00012397765882032934,0.487205295532326,0.00023570846558350063,0.8732874351820127,left_images/camera_left_20.png,right_images/camera_right_20.png
2025-05-07 16:11:13,0.98531174659729,21,-0.06550272,-0.0006224171,0.114032045,0.00016231644,9.904552e-06,0.012456554,0.24000055,0.03516392,7.232823e-05,0.0028103665,0.8381878952970475,0.00047502988493189097,0.545381358797781,-0.00016971958992529777,0.9999997994466479,-0.0006101654895694353,-0.5453815392665636,0.0004188714269170366,0.8381878078175328,-0.00090512173,1.9307414e-05,0.10708707,0.000704212,0.000114915594,-0.014006566,1.0403404,-0.045236863,-4.4663925e-06,0.00473201,0.8732871815968912,0.0006769607051333639,-0.4872053367757398,-0.0007060197002604245,0.9999997430828285,0.00012397765882032934,0.487205295532326,0.00023570846558350063,0.8732874351820127,left_images/camera_left_21.png,right_images/camera_right_21.png
2025-05-07 16:11:13,1.0388731956481934,22,-0.06550272,-0.0006224206,0.114032045,0.00016228865,9.924621e-06,0.012456554,0.21333402,0.03516392,7.232823e-05,0.0028103665,0.8381878952970475,0.00047502988493189097,0.545381358797781,-0.00016971958992529777,0.9999997994466479,-0.0006101654895694353,-0.5453815392665636,0.0004188714269170366,0.8381878078175328,-0.0009051287,1.9313164e-05,0.10708707,0.0007041997,0.00011487861,-0.014006566,1.0422581,-0.045236863,-4.4663925e-06,0.00473201,0.8732871815968912,0.0006769607051333639,-0.4872053367757398,-0.0007060197002604245,0.9999997430828285,0.00012397765882032934,0.487205295532326,0.00023570846558350063,0.8732874351820127,left_images/camera_left_22.png,right_images/camera_right_22.png
2025-05-07 16:11:13,1.0938472747802734,23,-0.06550272,-0.00062242406,0.114032045,0.00016226085,9.94469e-06,0.012456554,0.1866675,0.03516392,7.232823e-05,0.0028103665,0.8381878952970475,0.00047502988493189097,0.545381358797781,-0.00016971958992529777,0.9999997994466479,-0.0006101654895694353,-0.5453815392665636,0.0004188714269170366,0.8381878078175328,-0.0009051357,1.9318912e-05,0.10708707,0.00070418726,0.00011484162,-0.014006566,1.0403613,-0.045236863,-4.4663925e-06,0.00473201,0.8732871815968912,0.0006769607051333639,-0.4872053367757398,-0.0007060197002604245,0.9999997430828285,0.00012397765882032934,0.487205295532326,0.00023570846558350063,0.8732874351820127,left_images/camera_left_23.png,right_images/camera_right_23.png
2025-05-07 16:11:13,1.1360793113708496,24,-0.06550272,-0.00062242756,0.114032045,0.00016223306,9.964759e-06,0.012456554,0.16000098,0.03516392,7.232823e-05,0.0028103665,0.8381878952970475,0.00047502988493189097,0.545381358797781,-0.00016971958992529777,0.9999997994466479,-0.0006101654895694353,-0.5453815392665636,0.0004188714269170366,0.8381878078175328,-0.0009051427,1.932466e-05,0.10708707,0.00070417445,0.00011480461,-0.014006566,1.0406133,-0.045236863,-4.4663925e-06,0.00473201,0.8732871815968912,0.0006769607051333639,-0.4872053367757398,-0.0007060197002604245,0.9999997430828285,0.00012397765882032934,0.487205295532326,0.00023570846558350063,0.8732874351820127,left_images/camera_left_24.png,right_images/camera_right_24.png
2025-05-07 16:11:13,1.182837724685669,25,-0.06550272,-0.00062243105,0.114032045,0.00016220527,9.984828e-06,0.012456554,0.13333446,0.035163905,7.225113e-05,0.0028103078,0.8381879079915082,0.0004751024194511684,0.5453813392246842,-0.0001695982719649992,0.9999997992722518,-0.0006104849567844227,-0.5453815197943961,0.00041920537609295807,0.8381878203204861,-0.0009051497,1.9330408e-05,0.10708707,0.00070416136,0.00011476761,-0.014006566,1.0404239,-0.045236863,-4.4663925e-06,0.00473201,0.8732871815968912,0.0006769607051333639,-0.4872053367757398,-0.0007060197002604245,0.9999997430828285,0.00012397765882032934,0.487205295532326,0.00023570846558350063,0.8732874351820127,left_images/camera_left_25.png,right_images/camera_right_25.png
2025-05-07 16:11:13,1.2262911796569824,26,-0.06550272,-0.00062243454,0.114032045,0.00016218465,1.0004436e-05,0.01245661,0.106667936,0.035163905,7.225113e-05,0.0028103078,0.8381879079915082,0.0004751024194511684,0.5453813392246842,-0.0001695982719649992,0.9999997992722518,-0.0006104849567844227,-0.5453815197943961,0.00041920537609295807,0.8381878203204861,-0.00090515666,1.9336156e-05,0.10708707,0.00070414826,0.0001147306,-0.014006566,1.0403084,-0.045236863,-4.4663925e-06,0.00473201,0.8732871815968912,0.0006769607051333639,-0.4872053367757398,-0.0007060197002604245,0.9999997430828285,0.00012397765882032934,0.487205295532326,0.00023570846558350063,0.8732874351820127,left_images/camera_left_26.png,right_images/camera_right_26.png
2025-05-07 16:11:13,1.269840955734253,27,-0.06550272,-0.00062243803,0.114032045,0.00016216404,1.0024045e-05,0.012456666,0.080001414,0.035163905,7.225113e-05,0.0028103078,0.8381879079915082,0.0004751024194511684,0.5453813392246842,-0.0001695982719649992,0.9999997992722518,-0.0006104849567844227,-0.5453815197943961,0.00041920537609295807,0.8381878203204861,-0.00090516364,1.9341904e-05,0.10708707,0.00070413516,0.000114693605,-0.014006566,1.0399919,-0.045236863,-4.4663925e-06,0.00473201,0.8732871815968912,0.0006769607051333639,-0.4872053367757398,-0.0007060197002604245,0.9999997430828285,0.00012397765882032934,0.487205295532326,0.00023570846558350063,0.8732874351820127,left_images/camera_left_27.png,right_images/camera_right_27.png
2025-05-07 16:11:13,1.3139779567718506,28,-0.06550272,-0.0006224415,0.114032045,0.00016219325,1.0024016e-05,0.012456666,0.053334814,0.035163905,7.225113e-05,0.0028103078,0.8381879079915082,0.0004751024194511684,0.5453813392246842,-0.0001695982719649992,0.9999997992722518,-0.0006104849567844227,-0.5453815197943961,0.00041920537609295807,0.8381878203204861,-0.00090517063,1.9347654e-05,0.10708709,0.00070412236,0.000114656614,-0.014006566,1.0451174,-0.045236863,-4.4663925e-06,0.00473201,0.8732871815968912,0.0006769607051333639,-0.4872053367757398,-0.0007060197002604245,0.9999997430828285,0.00012397765882032934,0.487205295532326,0.00023570846558350063,0.8732874351820127,left_images/camera_left_28.png,right_images/camera_right_28.png
2025-05-07 16:11:13,1.3579816818237305,29,-0.06550272,-0.000622445,0.114032045,0.00016217264,1.004362e-05,0.012456722,0.026668089,0.035163905,7.225113e-05,0.0028103078,0.8381879079915082,0.0004751024194511684,0.5453813392246842,-0.0001695982719649992,0.9999997992722518,-0.0006104849567844227,-0.5453815197943961,0.00041920537609295807,0.8381878203204861,-0.00090519444,1.9353403e-05,0.10708706,0.00070411025,0.000114619615,-0.014006538,1.0404818,-0.04523696,-4.412767e-06,0.0047320956,0.873287209743045,0.0006768808424481688,-0.4872052864363565,-0.0007059806071961484,0.9999997431220623,0.0001238837830001117,0.48720524513862673,0.00023577136075893194,0.8732874632795756,left_images/camera_left_29.png,right_images/camera_right_29.png
2025-05-07 16:11:13,1.405663251876831,30,-0.06550272,-0.0006224485,0.114032045,0.0001621414,1.0063352e-05,0.0124567775,0.003613193,0.03516386,7.224854e-05,0.0028103087,0.8381879080967938,0.0004747756351673189,0.5453813393474488,-0.00016927148766365138,0.9999997993868055,-0.000610388001492943,-0.5453815197341071,0.0004193023314434153,0.838187820311218,-0.00090519304,1.9353558e-05,0.10708706,0.0007041699,0.00011462178,-0.014006587,1.0409641,-0.045236964,-4.413438e-06,0.00473209,0.8732873795204652,0.0006768778368570469,-0.4872049821242318,-0.0007059368109148025,0.9999997431440381,0.00012395594770563676,0.48720494088576116,0.00023568676659475217,0.8732876330443768,left_images/camera_left_30.png,right_images/camera_right_30.png
2025-05-07 16:11:13,1.4504714012145996,31,-0.06550272,-0.000622452,0.114032045,0.00016212581,1.0082166e-05,0.012456833,0.00023910287,0.03516386,7.224854e-05,0.0028103087,0.8381879080967938,0.0004747756351673189,0.5453813393474488,-0.00016927148766365138,0.9999997993868055,-0.000610388001492943,-0.5453815197341071,0.0004193023314434153,0.838187820311218,-0.00090518605,1.9353232e-05,0.10708706,0.0007041867,0.000114623974,-0.014006643,1.040241,-0.045236964,-4.413438e-06,0.00473209,0.8732873795204652,0.0006768778368570469,-0.4872049821242318,-0.0007059368109148025,0.9999997431440381,0.00012395594770563676,0.48720494088576116,0.00023568676659475217,0.8732876330443768,left_images/camera_left_31.png,right_images/camera_right_31.png
2025-05-07 16:11:13,1.4989817142486572,32,-0.06550272,-0.0006224538,0.114032045,0.00016211612,1.00989155e-05,0.012456805,1.5822632e-05,0.03516386,7.224854e-05,0.0028103087,0.8381879080967938,0.0004747756351673189,0.5453813393474488,-0.00016927148766365138,0.9999997993868055,-0.000610388001492943,-0.5453815197341071,0.0004193023314434153,0.838187820311218,-0.0009052531,1.928789e-05,0.10708706,0.0007041872,0.000114685114,-0.014006643,1.0402964,-0.045236964,-4.413438e-06,0.00473209,0.8732873795204652,0.0006768778368570469,-0.4872049821242318,-0.0007059368109148025,0.9999997431440381,0.00012395594770563676,0.48720494088576116,0.00023568676659475217,0.8732876330443768,left_images/camera_left_32.png,right_images/camera_right_32.png
2025-05-07 16:11:13,1.5513741970062256,33,-0.06550272,-0.00062245695,0.114032045,0.00016210628,1.0117662e-05,0.012456861,1.047061e-06,0.035163864,7.224424e-05,0.0028103031,0.8381881944021223,0.0004746617533184941,0.5453808994282162,-0.00016929610445309137,0.9999997995329106,-0.0006101417603778448,-0.5453810797082524,0.00041908275874411787,0.8381881067313603,-0.00090525846,1.927698e-05,0.10708706,0.00070420414,0.00011468729,-0.0140066985,1.0425642,-0.045236964,-4.413438e-06,0.00473209,0.8732873795204652,0.0006768778368570469,-0.4872049821242318,-0.0007059368109148025,0.9999997431440381,0.00012395594770563676,0.48720494088576116,0.00023568676659475217,0.8732876330443768,left_images/camera_left_33.png,right_images/camera_right_33.png
2025-05-07 16:11:13,1.6060967445373535,34,-0.06550272,-0.0006224521,0.114032045,0.00016213393,1.012562e-05,0.012456889,6.928907e-08,0.035163864,7.224424e-05,0.0028103031,0.8381881944021223,0.0004746617533184941,0.5453808994282162,-0.00016929610445309137,0.9999997995329106,-0.0006101417603778448,-0.5453810797082524,0.00041908275874411787,0.8381881067313603,-0.0009052515,1.9276653e-05,0.10708706,0.0007042204,0.000114689516,-0.014006754,1.0400043,-0.045236964,-4.413438e-06,0.00473209,0.8732873795204652,0.0006768778368570469,-0.4872049821242318,-0.0007059368109148025,0.9999997431440381,0.00012395594770563676,0.48720494088576116,0.00023568676659475217,0.8732876330443768,left_images/camera_left_34.png,right_images/camera_right_34.png
2025-05-07 16:11:13,1.661083459854126,35,-0.06550272,-0.0006224484,0.114032045,0.00016217736,1.01013975e-05,0.012456889,4.5852255e-09,0.03516391,7.225353e-05,0.0028103031,0.8381881942446181,0.000475259443175348,0.5453808991497671,-0.0001697460104730191,0.9999997992097833,-0.0006105462187407003,-0.5453810798104741,0.00041917640077028615,0.8381881066180232,-0.0009052445,1.9276325e-05,0.107087076,0.00070423685,0.00011469173,-0.01400681,1.0441915,-0.045236964,-4.413438e-06,0.00473209,0.8732873795204652,0.0006768778368570469,-0.4872049821242318,-0.0007059368109148025,0.9999997431440381,0.00012395594770563676,0.48720494088576116,0.00023568676659475217,0.8732876330443768,left_images/camera_left_35.png,right_images/camera_right_35.png
2025-05-07 16:11:13,1.712751865386963,36,-0.06550272,-0.0006224513,0.114032045,0.00016217823,1.0119414e-05,0.012456889,3.0352335e-10,0.035163905,7.2245944e-05,0.0028103008,0.8381882127514307,0.00047503885462398817,0.5453808708990896,-0.0001697653944889511,0.9999997994715173,-0.0006101119869182185,-0.5453810513615903,0.00041880187719829404,0.8381881253159785,-0.0009052375,1.9275998e-05,0.10708706,0.0007042538,0.000114693976,-0.014006866,1.0404203,-0.045236964,-4.413438e-06,0.00473209,0.8732873795204652,0.0006768778368570469,-0.4872049821242318,-0.0007059368109148025,0.9999997431440381,0.00012395594770563676,0.48720494088576116,0.00023568676659475217,0.8732876330443768,left_images/camera_left_36.png,right_images/camera_right_36.png
2025-05-07 16:11:13,1.7572381496429443,37,-0.06550272,-0.0006224582,0.114032045,0.00016219566,1.0174992e-05,0.012456889,2.0141059e-11,0.035163905,7.2245944e-05,0.0028103008,0.8381882127514307,0.00047503885462398817,0.5453808708990896,-0.0001697653944889511,0.9999997994715173,-0.0006101119869182185,-0.5453810513615903,0.00041880187719829404,0.8381881253159785,-0.0009052305,1.927567e-05,0.10708706,0.0007042709,0.000114696166,-0.014006922,1.0401019,-0.045236964,-4.413438e-06,0.00473209,0.8732873795204652,0.0006768778368570469,-0.4872049821242318,-0.0007059368109148025,0.9999997431440381,0.00012395594770563676,0.48720494088576116,0.00023568676659475217,0.8732876330443768,left_images/camera_left_37.png,right_images/camera_right_37.png
2025-05-07 16:11:13,1.7996675968170166,38,-0.06550272,-0.00062246516,0.114032045,0.0001622131,1.0230573e-05,0.012456889,1.2953191e-12,0.035163905,7.2245944e-05,0.0028103008,0.8381882127514307,0.00047503885462398817,0.5453808708990896,-0.0001697653944889511,0.9999997994715173,-0.0006101119869182185,-0.5453810513615903,0.00041880187719829404,0.8381881253159785,-0.00090522354,1.9276202e-05,0.10708706,0.00070428784,0.00011469727,-0.014006922,1.0424141,-0.045236964,-4.413438e-06,0.00473209,0.8732873795204652,0.0006768778368570469,-0.4872049821242318,-0.0007059368109148025,0.9999997431440381,0.00012395594770563676,0.48720494088576116,0.00023568676659475217,0.8732876330443768,left_images/camera_left_38.png,right_images/camera_right_38.png
2025-05-07 16:11:13,1.8381686210632324,39,-0.06550272,-0.00062247214,0.114032045,0.00016223053,1.0286154e-05,0.012456889,5.049801e-13,0.035163905,7.2245944e-05,0.0028103008,0.8381882127514307,0.00047503885462398817,0.5453808708990896,-0.0001697653944889511,0.9999997994715173,-0.0006101119869182185,-0.5453810513615903,0.00041880187719829404,0.8381881253159785,-0.00090521656,1.9276875e-05,0.10708706,0.00070430525,0.0001146984,-0.014006922,1.0401994,-0.045236964,-4.413438e-06,0.00473209,0.8732873795204652,0.0006768778368570469,-0.4872049821242318,-0.0007059368109148025,0.9999997431440381,0.00012395594770563676,0.48720494088576116,0.00023568676659475217,0.8732876330443768,left_images/camera_left_39.png,right_images/camera_right_39.png
2025-05-07 16:11:13,1.881829023361206,40,-0.06550272,-0.0006224791,0.114032045,0.00016224796,1.0341735e-05,0.012456889,5.0474577e-13,0.035163905,7.2245944e-05,0.0028103008,0.8381882127514307,0.00047503885462398817,0.5453808708990896,-0.0001697653944889511,0.9999997994715173,-0.0006101119869182185,-0.5453810513615903,0.00041880187719829404,0.8381881253159785,-0.00090520957,1.927755e-05,0.10708706,0.000704322,0.0001146995,-0.014006922,1.0427983,-0.045236964,-4.413438e-06,0.00473209,0.8732873795204652,0.0006768778368570469,-0.4872049821242318,-0.0007059368109148025,0.9999997431440381,0.00012395594770563676,0.48720494088576116,0.00023568676659475217,0.8732876330443768,left_images/camera_left_40.png,right_images/camera_right_40.png
2025-05-07 16:11:13,1.9341232776641846,41,-0.06550272,-0.0006224861,0.114032045,0.0001622654,1.0397316e-05,0.012456889,5.067341e-13,0.035163905,7.2245944e-05,0.0028103008,0.8381882127514307,0.00047503885462398817,0.5453808708990896,-0.0001697653944889511,0.9999997994715173,-0.0006101119869182185,-0.5453810513615903,0.00041880187719829404,0.8381881253159785,-0.0009052026,1.9278223e-05,0.10708706,0.0007043383,0.00011470063,-0.014006922,1.0402594,-0.045236964,-4.413438e-06,0.00473209,0.8732873795204652,0.0006768778368570469,-0.4872049821242318,-0.0007059368109148025,0.9999997431440381,0.00012395594770563676,0.48720494088576116,0.00023568676659475217,0.8732876330443768,left_images/camera_left_41.png,right_images/camera_right_41.png
2025-05-07 16:11:14,1.9771490097045898,42,-0.06550272,-0.0006224931,0.114032045,0.00016228283,1.0452897e-05,0.012456889,5.0609576e-13,0.035163905,7.2245944e-05,0.0028103008,0.8381882127514307,0.00047503885462398817,0.5453808708990896,-0.0001697653944889511,0.9999997994715173,-0.0006101119869182185,-0.5453810513615903,0.00041880187719829404,0.8381881253159785,-0.0009051956,1.9278898e-05,0.10708706,0.0007043551,0.00011470173,-0.014006922,1.0424588,-0.045236964,-4.413438e-06,0.00473209,0.8732873795204652,0.0006768778368570469,-0.4872049821242318,-0.0007059368109148025,0.9999997431440381,0.00012395594770563676,0.48720494088576116,0.00023568676659475217,0.8732876330443768,left_images/camera_left_42.png,right_images/camera_right_42.png
2025-05-07 16:11:14,2.0181832313537598,43,-0.06550272,-0.0006225001,0.114032045,0.00016230026,1.0508478e-05,0.012456889,5.080419e-13,0.03516391,7.2237126e-05,0.0028103008,0.8381882127884436,0.000474756212829454,0.5453808710883185,-0.00016971053782797177,0.9999997997454849,-0.0006096780488477012,-0.5453810513217782,0.0004184680731865138,0.8381881255086018,-0.0009051886,1.927957e-05,0.10708706,0.0007043718,0.00011470287,-0.014006922,1.0400655,-0.045236964,-4.413438e-06,0.00473209,0.8732873795204652,0.0006768778368570469,-0.4872049821242318,-0.0007059368109148025,0.9999997431440381,0.00012395594770563676,0.48720494088576116,0.00023568676659475217,0.8732876330443768,left_images/camera_left_43.png,right_images/camera_right_43.png
2025-05-07 16:11:14,2.059514045715332,44,-0.06550272,-0.0006225038,0.114032045,0.00016226577,1.0528993e-05,0.012456945,5.942718e-13,0.03516391,7.2237126e-05,0.0028103008,0.8381882127884436,0.000474756212829454,0.5453808710883185,-0.00016971053782797177,0.9999997997454849,-0.0006096780488477012,-0.5453810513217782,0.0004184680731865138,0.8381881255086018,-0.00090518163,1.9280245e-05,0.10708706,0.00070438854,0.000114703966,-0.014006922,1.0423774,-0.045236863,-4.4663925e-06,0.0047320398,0.8732871815968912,0.0006769607051333639,-0.4872053367757398,-0.0007060197002604245,0.9999997430828285,0.00012397765882032934,0.487205295532326,0.00023570846558350063,0.8732874351820127,left_images/camera_left_44.png,right_images/camera_right_44.png
2025-05-07 16:11:14,2.104565143585205,45,-0.06550272,-0.0006225073,0.114032045,0.00016223128,1.05495055e-05,0.012457001,5.821818e-13,0.03516391,7.2237126e-05,0.0028103008,0.8381882127884436,0.000474756212829454,0.5453808710883185,-0.00016971053782797177,0.9999997997454849,-0.0006096780488477012,-0.5453810513217782,0.0004184680731865138,0.8381881255086018,-0.0009051125,1.935074e-05,0.10708706,0.0007043919,0.00011460804,-0.014006978,1.0399575,-0.045236867,-4.4672906e-06,0.004732035,0.8732873514294861,0.0006768726604469147,-0.48720503248291164,-0.0007059016317485666,0.9999997431623676,0.00012400840757572474,0.4872049912882253,0.0002356238536190078,0.8732876049419458,left_images/camera_left_45.png,right_images/camera_right_45.png
2025-05-07 16:11:14,2.148453712463379,46,-0.06550272,-0.0006225108,0.114032045,0.0001621968,1.0570018e-05,0.012457057,5.839226e-13,0.03516391,7.2237126e-05,0.0028103008,0.8381882127884436,0.000474756212829454,0.5453808710883185,-0.00016971053782797177,0.9999997997454849,-0.0006096780488477012,-0.5453810513217782,0.0004184680731865138,0.8381881255086018,-0.0009050999,1.936142e-05,0.10708706,0.0007044148,0.00011461025,-0.014007034,1.0399687,-0.045236867,-4.4672906e-06,0.004732035,0.8732873514294861,0.0006768726604469147,-0.48720503248291164,-0.0007059016317485666,0.9999997431623676,0.00012400840757572474,0.4872049912882253,0.0002356238536190078,0.8732876049419458,left_images/camera_left_46.png,right_images/camera_right_46.png
2025-05-07 16:11:14,2.1887290477752686,47,-0.06550272,-0.0006225143,0.114032045,0.00016216231,1.0590531e-05,0.012457113,5.842805e-13,0.03516391,7.2237126e-05,0.0028103008,0.8381882127884436,0.000474756212829454,0.5453808710883185,-0.00016971053782797177,0.9999997997454849,-0.0006096780488477012,-0.5453810513217782,0.0004184680731865138,0.8381881255086018,-0.0009050999,1.9361094e-05,0.10708706,0.0007044378,0.000114612434,-0.01400709,1.0402095,-0.045236867,-4.4672906e-06,0.004732035,0.8732873514294861,0.0006768726604469147,-0.48720503248291164,-0.0007059016317485666,0.9999997431623676,0.00012400840757572474,0.4872049912882253,0.0002356238536190078,0.8732876049419458,left_images/camera_left_47.png,right_images/camera_right_47.png
2025-05-07 16:11:14,2.2333593368530273,48,-0.06550272,-0.0006225194,0.114032045,0.00016219661,1.0626003e-05,0.012457085,8.492465e-12,0.03516391,7.2237126e-05,0.0028103008,0.8381882127884436,0.000474756212829454,0.5453808710883185,-0.00016971053782797177,0.9999997997454849,-0.0006096780488477012,-0.5453810513217782,0.0004184680731865138,0.8381881255086018,-0.0009050821,1.9361205e-05,0.10708706,0.0007044107,0.00011459764,-0.01400717,1.0399857,-0.045236867,-4.4600383e-06,0.0047320332,0.8732873514265918,0.0006767781856776358,-0.48720503261934395,-0.0007060087252203879,0.9999997431345413,0.00012362253686319636,0.48720499113823595,0.00023601300620664358,0.8732876049205397,left_images/camera_left_48.png,right_images/camera_right_48.png
2025-05-07 16:11:14,2.2892353534698486,49,-0.06550272,-0.00062252313,0.114032045,0.00016216213,1.0646516e-05,0.012457141,1.5973161e-12,0.03516391,7.2237126e-05,0.0028103008,0.8381882127884436,0.000474756212829454,0.5453808710883185,-0.00016971053782797177,0.9999997997454849,-0.0006096780488477012,-0.5453810513217782,0.0004184680731865138,0.8381881255086018,-0.00090507936,1.9360943e-05,0.10708706,0.0007044302,0.00011459982,-0.014007226,1.0404508,-0.045236867,-4.4672906e-06,0.004732035,0.8732873514294861,0.0006768726604469147,-0.48720503248291164,-0.0007059016317485666,0.9999997431623676,0.00012400840757572474,0.4872049912882253,0.0002356238536190078,0.8732876049419458,left_images/camera_left_49.png,right_images/camera_right_49.png
2025-05-07 16:11:14,2.342316150665283,50,-0.06550272,-0.00062252826,0.114032045,0.00016219643,1.0681988e-05,0.012457113,8.4780195e-12,0.03516391,7.2237126e-05,0.0028103008,0.8381882127884436,0.000474756212829454,0.5453808710883185,-0.00016971053782797177,0.9999997997454849,-0.0006096780488477012,-0.5453810513217782,0.0004184680731865138,0.8381881255086018,-0.00090507936,1.9360616e-05,0.10708706,0.00070445327,0.00011460201,-0.0140072815,1.0401387,-0.045236867,-4.468966e-06,0.0047320053,0.8732873365524811,0.0006772164089145487,-0.4872050586714069,-0.0007063053914273347,0.999999742879522,0.00012399025757417166,0.4872050173692463,0.0002358364378748811,0.8732875903340245,left_images/camera_left_50.png,right_images/camera_right_50.png
2025-05-07 16:11:14,2.3859856128692627,51,-0.06550272,-0.000622532,0.114032045,0.00016216196,1.0702501e-05,0.012457169,1.6051773e-12,0.03516391,7.2237126e-05,0.0028103008,0.8381882127884436,0.000474756212829454,0.5453808710883185,-0.00016971053782797177,0.9999997997454849,-0.0006096780488477012,-0.5453810513217782,0.0004184680731865138,0.8381881255086018,-0.00090507936,1.9360288e-05,0.10708706,0.00070446404,0.00011460422,-0.014007337,1.0399463,-0.04523687,-4.4708577e-06,0.0047320034,0.8732875478803618,0.000677271093660565,-0.487204679802001,-0.0007063192791935809,0.9999997428589047,0.00012407739634872633,0.48720463855568996,0.00023576681305272976,0.8732878016918759,left_images/camera_left_51.png,right_images/camera_right_51.png
2025-05-07 16:11:14,2.4337611198425293,52,-0.06893806,0.0035993839,0.11405173,-0.11650863,-0.021659425,0.07574371,9.4353584e-07,0.03528111,5.6451026e-05,0.0027416293,0.8636208665860517,-0.08629045910254221,0.49670207918331655,0.11455517659668121,0.9930591637599584,-0.02665724643086073,-0.49095428535868835,0.07992154866020143,0.8675116343586955,-0.0009050658,1.935996e-05,0.10708708,0.00070449046,0.00011460643,-0.014007393,1.0450795,-0.04523687,-4.4708577e-06,0.0047319736,0.8732875478803618,0.000677271093660565,-0.487204679802001,-0.0007063192791935809,0.9999997428589047,0.00012407739634872633,0.48720463855568996,0.00023576681305272976,0.8732878016918759,left_images/camera_left_52.png,right_images/camera_right_52.png
2025-05-07 16:11:14,2.477949857711792,53,-0.070588045,0.007138386,0.11411445,-0.23317741,-0.018880488,0.1323296,1.1362185e-06,0.03549745,-0.00021424424,0.0025822762,0.8724680261294123,-0.18472147593489766,0.4524129968405863,0.22756152274514505,0.9728738475940649,-0.04162006767691627,-0.43245265260807236,0.13926396876419,0.8908368258307965,-0.0009050833,1.9359633e-05,0.10708705,0.00070451753,0.00011460869,-0.0140074175,1.0406507,-0.04523687,-4.4708577e-06,0.0047320034,0.8732875478803618,0.000677271093660565,-0.487204679802001,-0.0007063192791935809,0.9999997428589047,0.00012407739634872633,0.48720463855568996,0.00023576681305272976,0.8732878016918759,left_images/camera_left_53.png,right_images/camera_right_53.png
