Epoch Time (Seconds),Time (Seconds),Frame Number,PSM1_joint_1,PSM1_joint_2,PSM1_joint_3,PSM1_joint_4,PSM1_joint_5,PSM1_joint_6,PSM1_jaw_angle,PSM1_ee_x,PSM1_ee_y,PSM1_ee_z,"PSM1_Orientation_Matrix_[1,1]","PSM1_Orientation_Matrix_[1,2]","PSM1_Orientation_Matrix_[1,3]","PSM1_Orientation_Matrix_[2,1]","PSM1_Orientation_Matrix_[2,2]","PSM1_Orientation_Matrix_[2,3]","PSM1_Orientation_Matrix_[3,1]","PSM1_Orientation_Matrix_[3,2]","PSM1_Orientation_Matrix_[3,3]",PSM2_joint_1,PSM2_joint_2,PSM2_joint_3,PSM2_joint_4,PSM2_joint_5,PSM2_joint_6,PSM2_jaw_angle,PSM2_ee_x,PSM2_ee_y,PSM2_ee_z,"PSM2_Orientation_Matrix_[1,1]","PSM2_Orientation_Matrix_[1,2]","PSM2_Orientation_Matrix_[1,3]","PSM2_Orientation_Matrix_[2,1]","PSM2_Orientation_Matrix_[2,2]","PSM2_Orientation_Matrix_[2,3]","PSM2_Orientation_Matrix_[3,1]","PSM2_Orientation_Matrix_[3,2]","PSM2_Orientation_Matrix_[3,3]",Camera Left,Camera Right
2025-05-15 15:17:08,0.002418041229248047,1,-0.06551398,-0.0006017475,0.114032656,3.9336686e-05,-0.0002164943,0.01256841,9.060974e-12,0.035163384,7.398534e-05,0.0028098603,0.8382426697009768,0.0004874512693764457,0.5452971566805013,-4.986859844878844e-05,0.9999996648002041,-0.0008172592015660088,-0.5452973722710407,0.0006578683300166139,0.8382424130307166,0.00012210457,-0.0019084145,0.1070903,-0.0065430356,0.013058832,-0.028299019,0.82668394,-0.045253236,-3.2462834e-05,0.0047233393,0.8796497035782246,-8.661513547335254e-05,-0.4756221099702578,0.0062250193165333395,0.9999164263815011,0.011330904066173915,0.47558137908169873,-0.012927983225018381,0.8795767272503765,left_images/camera_left_1.png,right_images/camera_right_1.png
2025-05-15 15:17:08,0.05783796310424805,2,-0.06551398,-0.00060174614,0.114032656,3.937091e-05,-0.000216525,0.01256841,5.6825026e-12,0.035163384,7.398534e-05,0.0028098603,0.8382426697009768,0.0004874512693764457,0.5452971566805013,-4.986859844878844e-05,0.9999996648002041,-0.0008172592015660088,-0.5452973722710407,0.0006578683300166139,0.8382424130307166,0.0009786023,-0.0035050963,0.10709581,-0.013565138,0.022519078,-0.039048128,0.8533505,-0.045254674,-3.4150915e-05,0.0047225375,0.8842383075188318,-0.0022106017223182768,-0.46703075782678044,0.012812216515971045,0.9997272619137175,0.019525595879477976,0.4668602174357754,-0.023248979042661037,0.8840254647629185,left_images/camera_left_2.png,right_images/camera_right_2.png
2025-05-15 15:17:08,0.10314655303955078,3,-0.06551398,-0.0006017549,0.114032656,3.9323553e-05,-0.00021645406,0.012568465,1.3931312e-12,0.035163388,7.39754e-05,0.002809864,0.8382428878703698,0.0004870649691360369,0.5452968216507946,-4.971031391362533e-05,0.9999996651876926,-0.0008167945810144844,-0.545297036910735,0.0006575653722060868,0.8382426314284868,0.0016223871,-0.0046906318,0.107100435,-0.018830372,0.029478597,-0.047087472,0.88001704,-0.04525473,-3.501393e-05,0.0047238646,0.8875812672213538,-0.0038498405195838206,-0.46063507552693955,0.017641529091870625,0.9995155865917101,0.02563920068040464,0.4603132308863566,-0.03088318131610068,0.8872192280280903,left_images/camera_left_3.png,right_images/camera_right_3.png
2025-05-15 15:17:09,0.15365099906921387,4,-0.06551398,-0.0006017645,0.114032656,3.930684e-05,-0.00021646908,0.0125684375,8.509769e-12,0.035163384,7.399155e-05,0.002809891,0.8382426697937604,0.0004871475230987817,0.5452971568093121,-4.95187664489949e-05,0.9999996648333283,-0.0008172399420485266,-0.5452973721602925,0.0006580429483315138,0.838242412965699,0.002102607,-0.0055754334,0.1071041,-0.022773704,0.0346159,-0.053087115,0.90668356,-0.045254268,-3.4889817e-05,0.0047258744,0.8900276501295326,-0.005105919789398252,-0.4558779569007549,0.02119869894094052,0.9993192234326288,0.030194450503678548,0.4554134354277591,-0.03653791539089166,0.889529979017444,left_images/camera_left_4.png,right_images/camera_right_4.png
2025-05-15 15:17:09,0.19899225234985352,5,-0.06524426,0.014574755,0.1140467,-0.044991013,-0.105050504,0.012718675,1.13588094e-07,0.03515823,0.00023082586,0.0028994973,0.8372872035274118,0.013014833239374229,0.5466084091239336,0.04381921145696689,0.9949036807270542,-0.09081047727574915,-0.545004601371893,0.09998640003275949,0.8324498208852908,0.0024645817,-0.006259628,0.10710763,-0.025728285,0.03843407,-0.057565924,0.9333501,-0.04525296,-3.2342243e-05,0.0047272267,0.8918256145805122,-0.006068570799236126,-0.4523386404305367,0.023832232320838614,0.9991517522920071,0.03358274250887335,0.45175114596500726,-0.040730189543707905,0.8912137531361578,left_images/camera_left_5.png,right_images/camera_right_5.png
2025-05-15 15:17:09,0.24207758903503418,6,-0.064296626,0.02658952,0.11416557,-0.077863105,-0.17984223,0.018007696,9.480455e-08,0.03517594,0.00019099168,0.0029436597,0.8382774537809677,0.02105999332128387,0.5448370280770249,0.07500519138847649,0.9852998867843709,-0.1534873101187324,-0.5400603038062282,0.16953055708046677,0.8243750714745752,0.0027401145,-0.006777733,0.10711063,-0.027931016,0.04126673,-0.06090603,0.9600166,-0.04525109,-2.9393937e-05,0.004728901,0.8931487621591737,-0.006793568861610866,-0.44971005778796874,0.025776500759039055,0.9990156294661582,0.03610185716767222,0.4490221160056093,-0.04383628068687281,0.8924446872682849,left_images/camera_left_6.png,right_images/camera_right_6.png
2025-05-15 15:17:09,0.28899478912353516,7,-0.063004375,0.035190232,0.114301406,-0.10251152,-0.23462379,0.024439635,1.2494394e-07,0.03522194,0.00017279119,0.0029619206,0.8398496862069789,0.026916920210769933,0.5421512556329703,0.097426161474604,0.9750763806513763,-0.19933437976459784,-0.5340043517035827,0.2202306320705173,0.8162951801030415,0.0029404925,-0.0071849604,0.10711302,-0.029585427,0.043378882,-0.06339011,0.98668313,-0.045250062,-2.4906592e-05,0.00472996,0.8941260371320459,-0.0073542268191750595,-0.44775500563414783,0.027229517935347176,0.9989078904101774,0.03796814229453541,0.4469867817682669,-0.04614045756363507,0.893349805563457,left_images/camera_left_7.png,right_images/camera_right_7.png
2025-05-15 15:17:09,0.3356330394744873,8,-0.06154638,0.041441694,0.114409715,-0.12206041,-0.2738034,0.031162499,2.5126343e-07,0.03530089,0.0001404048,0.0029655634,0.8417380729360195,0.02968207312739283,0.5390695605437357,0.11448104983702698,0.9659685094809467,-0.23194595904945237,-0.5276088568230903,0.2569509938218146,0.8096944367944079,0.0030732127,-0.007567915,0.10712252,-0.030882025,0.04504406,-0.06523656,1.0133488,-0.0452469,-1.4634454e-05,0.0047230134,0.8948523677753046,-0.007820650810189013,-0.44629371192952766,0.028369001122081516,0.9988215497669412,0.03937907434795088,0.4454598070109878,-0.04789936473557029,0.8940196928455562,left_images/camera_left_8.png,right_images/camera_right_8.png
2025-05-15 15:17:09,0.38985180854797363,9,-0.060770966,0.045840655,0.11443156,-0.13951997,-0.29956007,0.041049372,6.446721e-07,0.035379276,8.7711494e-05,0.0030267886,0.8449595686569524,0.02793964239502665,0.5340999005035432,0.12862087620028978,0.9587110378816097,-0.25363323135866134,-0.5191338917278725,0.28300622294713684,0.8064784437495331,0.0031168186,-0.007959708,0.10714665,-0.032007556,0.04641808,-0.06659101,1.0324072,-0.045240756,2.3686152e-06,0.0047007734,0.8953996903229565,-0.00829420520383661,-0.44518602935131535,0.0293727475481922,0.9987489422112747,0.0404696445910997,0.4442934123650988,-0.049312844086469056,0.894523117161921,left_images/camera_left_9.png,right_images/camera_right_9.png
2025-05-15 15:17:09,0.44048237800598145,10,-0.06259377,0.04845518,0.114256814,-0.1541619,-0.3157473,0.05576868,1.2184727e-06,0.035355072,8.907658e-05,0.0033518039,0.8496327619072768,0.02487874287486453,0.5267876403701776,0.13861613857012559,0.9532297404031944,-0.26858635136351705,-0.5088317364529465,0.3012210320741652,0.8064466218011297,0.0031293735,-0.008200902,0.107165396,-0.032791965,0.04739923,-0.067564495,1.0436027,-0.04523766,1.026399e-05,0.004682649,0.8958012401595499,-0.008597293702134965,-0.44437171902542555,0.030065631032194527,0.9986948707891278,0.04128695786956618,0.4434368004115676,-0.050345224207332936,0.8948905868542059,left_images/camera_left_10.png,right_images/camera_right_10.png
2025-05-15 15:17:09,0.4896657466888428,11,-0.06723063,0.049406257,0.11388225,-0.162994,-0.3278785,0.07190743,1.4171092e-06,0.03520675,0.00022714888,0.003984596,0.8543909681755503,0.025948455089515328,0.5189824189493446,0.14221323751110662,0.9489437946644641,-0.2815689429685324,-0.49979142507315505,0.3143761318011825,0.8070787936608607,0.00316455,-0.008306379,0.107176065,-0.034846812,0.047965985,-0.068372265,1.0301423,-0.045233823,1.0148069e-05,0.004673457,0.8960804563266308,-0.010135868697093802,-0.4437759344029513,0.03205005896636115,0.9986072946344844,0.041907813389020596,0.44273311318412817,-0.05177581741075146,0.8951573354565882,left_images/camera_left_11.png,right_images/camera_right_11.png
2025-05-15 15:17:09,0.5407412052154541,12,-0.074052855,0.04904743,0.11334163,-0.16735919,-0.33816636,0.08815921,1.3927853e-06,0.03497037,0.000494523,0.004875182,0.8587656056608082,0.03095378367479036,0.5114327891426594,0.1410379906898654,0.9453309205387573,-0.294036963417036,-0.49257478591193754,0.32464028392909006,0.8074520210726139,0.0031847137,-0.008375296,0.10718505,-0.037908778,0.048285663,-0.0690396,1.029679,-0.04523054,9.864598e-06,0.0046657166,0.8962663525752509,-0.012649435597725009,-0.4433357836003258,0.03505753892577183,0.9984861116887597,0.0423845930631591,0.4421284815592905,-0.05353014612085988,0.8953529635011857,left_images/camera_left_12.png,right_images/camera_right_12.png
2025-05-15 15:17:09,0.6039547920227051,13,-0.08419575,0.04560482,0.11268152,-0.17186296,-0.34458354,0.105638884,1.2742026e-06,0.03450778,0.0010545584,0.0060573677,0.8623120590884766,0.03649154503772084,0.5050606695154071,0.13935462381396116,0.9417863027953817,-0.3059719736980411,-0.4868246106887578,0.33422586226647,0.8070284204536874,0.0032202164,-0.008342641,0.10718612,-0.040182743,0.04839146,-0.06955885,1.0259428,-0.045229055,2.8276409e-06,0.0046656625,0.8964020116961883,-0.01453937976224638,-0.44300343098350375,0.03729317774152077,0.9983919188184674,0.042694207240772976,0.44167029821006315,-0.05479217895017419,0.8955027441638166,left_images/camera_left_13.png,right_images/camera_right_13.png
2025-05-15 15:17:09,0.6605262756347656,14,-0.09690099,0.04073528,0.112207755,-0.16646254,-0.34674525,0.120826855,1.0213928e-06,0.033749662,0.0016877451,0.0072116256,0.8648362466086982,0.048754112198655046,0.49968120146299316,0.12860441881773613,0.9405537760947279,-0.314355686658443,-0.4853031732971996,0.3361274026580841,0.8071550031871194,0.0032131972,-0.008204414,0.107182555,-0.043334097,0.04792051,-0.06927835,1.019829,-0.045226797,-5.6888093e-06,0.004670509,0.8961654947886272,-0.017425128518494364,-0.44337768419978996,0.04046930275437385,0.9982737599914726,0.042564488098206205,0.44187061622700097,-0.05608801127336806,0.8953236808588103,left_images/camera_left_14.png,right_images/camera_right_14.png
2025-05-15 15:17:09,0.7174675464630127,15,-0.109165564,0.03655771,0.11202662,-0.15429914,-0.34463304,0.13372551,8.007228e-07,0.032891724,0.002146565,0.00806651,0.8670176800541727,0.06298223688019117,0.49428087188464787,0.11232008460525222,0.9417445674975075,-0.31701950757516717,-0.4854529236370394,0.3303791873385792,0.8094350199402981,0.0032109914,-0.0081541445,0.107178904,-0.047214963,0.047497805,-0.06915668,1.0142102,-0.04522497,-5.7219295e-06,0.0046753893,0.8959567893978008,-0.020960101576562702,-0.4436463745753872,0.04436859135949101,0.9981130279962436,0.04244774958633347,0.44191951714396943,-0.05771531413818821,0.8951961142013357,left_images/camera_left_15.png,right_images/camera_right_15.png
2025-05-15 15:17:09,0.7771642208099365,16,-0.121501334,0.03289695,0.11213354,-0.14164601,-0.3377984,0.14783876,1.0115937e-06,0.03187175,0.0024505635,0.008670259,0.8695308388226097,0.07432663935471204,0.4882536953456503,0.09582597568585921,0.9444326560281879,-0.314427003629452,-0.4844930368130192,0.32019136295312034,0.8140908968720393,0.0032278665,-0.00817514,0.10716889,-0.05007791,0.047170095,-0.06908898,0.9875437,-0.045225672,8.9782407e-07,0.004686082,0.8957945753650522,-0.02360259392538057,-0.44384118365304903,0.04724800964162526,0.9979876259061147,0.04228858147516797,0.44194988893702747,-0.05885249440992813,0.8951070771534982,left_images/camera_left_16.png,right_images/camera_right_16.png
2025-05-15 15:17:09,0.8333499431610107,17,-0.13372901,0.029869763,0.11247691,-0.13075349,-0.33030543,0.16400795,1.1526987e-06,0.030727606,0.0026621856,0.009087253,0.8726446600032547,0.08339359586998159,0.4811827153334567,0.08070673592656162,0.9471368184617168,-0.31051291420856786,-0.4816406545796196,0.30980212278499863,0.8197834620032441,0.003269414,-0.008311162,0.1071454,-0.058323126,0.046450183,-0.06937285,0.9608754,-0.045229927,2.377102e-05,0.004710363,0.895501227733679,-0.031138527856826297,-0.44396840339193444,0.055510440045636454,0.9975743538834523,0.041999994285150985,0.4415836751663421,-0.06225592788580511,0.8950575720419688,left_images/camera_left_17.png,right_images/camera_right_17.png
2025-05-15 15:17:09,0.8903162479400635,18,-0.1453398,0.027429152,0.1129559,-0.11777001,-0.3227148,0.18099618,1.3498252e-06,0.029570486,0.0027968185,0.009360548,0.8763170063608285,0.09322767067054841,0.47262787241564497,0.06354477417582274,0.9501523110187082,-0.30524194918253195,-0.47752546114080563,0.2975217425452323,0.8267104974990394,0.0032719332,-0.008319202,0.1071404,-0.058323808,0.046450086,-0.069372825,0.9342072,-0.045232255,2.4677865e-05,0.0047148876,0.8954998532624718,-0.031143046704485578,-0.4439708587833817,0.055511503643220564,0.9975746497162823,0.041991561136795925,0.4415863287853916,-0.062248926781100326,0.8950567497898896,left_images/camera_left_18.png,right_images/camera_right_18.png
2025-05-15 15:17:09,0.9526264667510986,19,-0.15690199,0.02488353,0.11348474,-0.10402246,-0.3149121,0.19983076,1.6191925e-06,0.028401181,0.002934705,0.009599832,0.8806207665029897,0.1033327878026545,0.46241691207028557,0.045301474942652506,0.9530977856723217,-0.29925304896447935,-0.47165118675956585,0.2844766175126673,0.8346365748736658,0.0032718515,-0.008318996,0.10714059,-0.058323808,0.046450086,-0.069372825,0.9075389,-0.045232136,2.467414e-05,0.004714709,0.8954998532624718,-0.031143046704485578,-0.4439708587833817,0.055511503643220564,0.9975746497162823,0.041991561136795925,0.4415863287853916,-0.062248926781100326,0.8950567497898896,left_images/camera_left_19.png,right_images/camera_right_19.png
2025-05-15 15:17:09,1.0043935775756836,20,-0.168762,0.02113632,0.11403322,-0.0915564,-0.30807105,0.21944784,1.5822543e-06,0.027193533,0.003225874,0.009876041,0.8847620189687125,0.11370927389993588,0.451958372883562,0.02788257712440325,0.955125621689866,-0.2948857553094902,-0.46520826699802875,0.27350548042168404,0.8418883658157977,0.0032718473,-0.008318996,0.10714059,-0.058323808,0.046450086,-0.069372825,0.8808706,-0.045232136,2.467414e-05,0.004714709,0.8954998532624718,-0.031143046704485578,-0.4439708587833817,0.055511503643220564,0.9975746497162823,0.041991561136795925,0.4415863287853916,-0.062248926781100326,0.8950567497898896,left_images/camera_left_20.png,right_images/camera_right_20.png
2025-05-15 15:17:09,1.054163932800293,21,-0.17908853,0.017391548,0.11457757,-0.07956735,-0.30223006,0.23602858,1.187993e-06,0.026098263,0.0035321608,0.010083242,0.8878987096049207,0.12378514004491287,0.4430723649540538,0.011777276949612885,0.9566871938581714,-0.2908795435492672,-0.45988822253844364,0.2634897573186465,0.8479834730456673,0.0032718473,-0.008318996,0.10714059,-0.058323808,0.046450086,-0.069372825,0.8542023,-0.045232136,2.467414e-05,0.004714709,0.8954998532624718,-0.031143046704485578,-0.4439708587833817,0.055511503643220564,0.9975746497162823,0.041991561136795925,0.4415863287853916,-0.062248926781100326,0.8950567497898896,left_images/camera_left_21.png,right_images/camera_right_21.png
2025-05-15 15:17:09,1.106142520904541,22,-0.18845782,0.0143626565,0.115173325,-0.065628156,-0.29760206,0.25038147,1.078781e-06,0.025042728,0.003770492,0.010203967,0.8901964800197952,0.13520757878333634,0.43505072991539084,-0.005558704524483621,0.9580973443094863,-0.28638886087122734,-0.45554289344075594,0.25252403740368484,0.8536464624005459,0.0032718473,-0.008318996,0.10714059,-0.058323808,0.046450086,-0.069372825,0.82753396,-0.045232136,2.467414e-05,0.004714709,0.8954998532624718,-0.031143046704485578,-0.4439708587833817,0.055511503643220564,0.9975746497162823,0.041991561136795925,0.4415863287853916,-0.062248926781100326,0.8950567497898896,left_images/camera_left_22.png,right_images/camera_right_22.png
2025-05-15 15:17:10,1.1626167297363281,23,-0.19725733,0.011743342,0.115753435,-0.056546826,-0.2936558,0.26376858,8.351211e-07,0.024017023,0.003981517,0.0103321085,0.8920799630263766,0.14303534033835066,0.4286423112353129,-0.017851656427157442,0.9589954952100577,-0.28285854862390686,-0.45152481430112495,0.24468046832779386,0.8580540836621117,0.0032718473,-0.008318996,0.10714059,-0.058323808,0.046450086,-0.069372825,0.80086565,-0.045232136,2.467414e-05,0.004714709,0.8954998532624718,-0.031143046704485578,-0.4439708587833817,0.055511503643220564,0.9975746497162823,0.041991561136795925,0.4415863287853916,-0.062248926781100326,0.8950567497898896,left_images/camera_left_23.png,right_images/camera_right_23.png
2025-05-15 15:17:10,1.2128090858459473,24,-0.20845068,0.0078101647,0.11636401,-0.055755645,-0.2916981,0.27698088,8.2209294e-07,0.022728158,0.004400774,0.010678878,0.8926925105274979,0.14756815939496878,0.4258212300730134,-0.022867783577709494,0.9584855432155124,-0.2842226731299023,-0.45008570975132745,0.24398586389306517,0.8590074226093735,0.0032718473,-0.008318996,0.10714059,-0.058323808,0.046450086,-0.069372825,0.77419734,-0.045232136,2.467414e-05,0.004714709,0.8954998532624718,-0.031143046704485578,-0.4439708587833817,0.055511503643220564,0.9975746497162823,0.041991561136795925,0.4415863287853916,-0.062248926781100326,0.8950567497898896,left_images/camera_left_24.png,right_images/camera_right_24.png
2025-05-15 15:17:10,1.2624826431274414,25,-0.21993436,0.0034731824,0.116982214,-0.05796496,-0.2908479,0.28796408,7.526131e-07,0.02138276,0.0048987656,0.0110897785,0.8921941117945927,0.15105604412419438,0.4256427356511645,-0.024812389373308985,0.957382496063599,-0.2877552806893729,-0.4509700790658344,0.24617235377796168,0.8579190871071543,0.0032718473,-0.008318996,0.10714059,-0.058323808,0.046450086,-0.069372825,0.74752903,-0.045232136,2.467414e-05,0.004714709,0.8954998532624718,-0.031143046704485578,-0.4439708587833817,0.055511503643220564,0.9975746497162823,0.041991561136795925,0.4415863287853916,-0.062248926781100326,0.8950567497898896,left_images/camera_left_25.png,right_images/camera_right_25.png
2025-05-15 15:17:10,1.3102953433990479,26,-0.23215264,-0.00010498208,0.117639735,-0.05676677,-0.2919539,0.2967068,1.1289176e-06,0.019943826,0.0053371117,0.011555036,0.8902518262065455,0.15797444670115746,0.4271952248391523,-0.02978812080256836,0.956110676618429,-0.2914876359561441,-0.45449351347952405,0.24677205726279697,0.8558850378171853,0.0023448323,-0.008018276,0.107136175,-0.16978996,0.0407441,-0.067813925,0.72086203,-0.045234405,3.6749e-05,0.004713076,0.8840928685468716,-0.12951085523789693,-0.4490063898878417,0.16640426688645568,0.9850972255405386,0.04350949545001169,0.4366799969617857,-0.11318301377804828,0.8924685908453994,left_images/camera_left_26.png,right_images/camera_right_26.png
2025-05-15 15:17:10,1.3532135486602783,27,-0.24289091,-0.0029693767,0.11825115,-0.052997187,-0.29413137,0.30322155,1.0862344e-06,0.018659886,0.0057068244,0.011958425,0.8878740892328838,0.1665803152075696,0.4288713096655267,-0.03673702208429573,0.9548457640159819,-0.29482190920810847,-0.4586174799080987,0.24600927934954597,0.8539024778021563,0.0031099028,-0.0069916723,0.10713813,-0.28646338,0.032737937,-0.07876926,0.6941959,-0.04519403,-1.5359721e-05,0.004736797,0.8657659496531751,-0.23101694899293737,-0.4439374839987387,0.27975743270020637,0.9589407069648171,0.04656714909467888,0.4149519240467808,-0.16451106286147174,0.8948469203869808,left_images/camera_left_27.png,right_images/camera_right_27.png
2025-05-15 15:17:10,1.400913953781128,28,-0.25230968,-0.005915806,0.118805885,-0.049384262,-0.29649532,0.3091195,9.3358574e-07,0.017527638,0.006092038,0.012316575,0.8857553408436113,0.17493047470147904,0.4299265113804137,-0.04347182685328538,0.9534555170954822,-0.29838360744220627,-0.462112190314274,0.2456051830497514,0.8521328638317163,0.005727416,-0.005480504,0.10716287,-0.40313378,0.022429625,-0.096950665,0.6675297,-0.045053564,-0.00012958591,0.0047998065,0.8386756406208052,-0.32970745672571705,-0.43349297896129907,0.3889880125759812,0.9197139079256912,0.05305330941837036,0.3811974500196324,-0.21311809061530293,0.8995938992406614,left_images/camera_left_28.png,right_images/camera_right_28.png
2025-05-15 15:17:10,1.4555234909057617,29,-0.26063088,-0.008936185,0.11936934,-0.048912045,-0.2975979,0.31541038,7.790474e-07,0.016473312,0.0064755552,0.01259619,0.8844343454439454,0.18007480948670163,0.4305217202272932,-0.047019134113346045,0.9522420016311204,-0.30170245500623344,-0.46428987672182853,0.24659325481019395,0.8506624930345429,0.009706741,-0.0032956747,0.10722971,-0.51980036,0.00860327,-0.11316631,0.6408632,-0.044790983,-0.00029635473,0.0048878966,0.7995397822528836,-0.4247423338113176,-0.4246529011599084,0.49305511324910495,0.867910375176162,0.060234840088491115,0.34297637220940447,-0.25753743520134903,0.9033502518823954,left_images/camera_left_29.png,right_images/camera_right_29.png
2025-05-15 15:17:10,1.5112972259521484,30,-0.26828557,-0.01221619,0.12002108,-0.05161272,-0.29654518,0.3215014,8.141048e-07,0.015394637,0.0068664653,0.012775015,0.8835528391577021,0.1816418276119124,0.43167189725318955,-0.046957069185683056,0.9514374208393188,-0.30423981968196756,-0.4659714734507413,0.24854190931999667,0.849174602329648,0.014188261,-0.0010598706,0.107331574,-0.63285667,-0.0045357225,-0.12590568,0.61419666,-0.044456076,-0.00050721946,0.0049805418,0.7506939755507832,-0.5106601289701223,-0.4191476920513563,0.5873606963496174,0.8063278416758686,0.06959040251376938,0.30243340995242746,-0.2984319761998603,0.9052471420148165,left_images/camera_left_30.png,right_images/camera_right_30.png
2025-05-15 15:17:10,1.5704405307769775,31,-0.27481458,-0.015486969,0.12070831,-0.055025928,-0.29412514,0.32629913,8.291289e-07,0.014369952,0.0072404416,0.012847216,0.8827444106059964,0.18153553697875685,0.4333672280614979,-0.045434648752227996,0.9510035978485039,-0.3058232325575722,-0.4676515778190357,0.2502738613859538,0.8477411138256364,0.018376317,0.0006810265,0.10743694,-0.7332048,-0.012388483,-0.13230303,0.58753026,-0.04407163,-0.00072754396,0.005094805,0.6982725475804921,-0.5793625864102634,-0.42042174392324144,0.6645295040283374,0.7429849700751094,0.07983653623711842,0.2661127347033612,-0.33513031452033526,0.9038095400681494,left_images/camera_left_31.png,right_images/camera_right_31.png
2025-05-15 15:17:10,1.6263275146484375,32,-0.27972654,-0.018410427,0.121353894,-0.05675126,-0.29180658,0.32856944,8.4123207e-07,0.013498709,0.0075736856,0.01282216,0.8815368220142855,0.1820022475675928,0.435623706096556,-0.04467919619392745,0.950725829378989,-0.30679662119896,-0.4699963838801512,0.250989201425038,0.846231540364458,0.022650726,0.0017945069,0.10750629,-0.8348178,-0.015274188,-0.14087245,0.56086355,-0.04365441,-0.0009781014,0.005275773,0.640153654556369,-0.6404782481337847,-0.4242533585319072,0.735018644412806,0.6712607028872264,0.09569044427166054,0.22349695954013776,-0.3730907160823287,0.9004734458325183,left_images/camera_left_32.png,right_images/camera_right_32.png
2025-05-15 15:17:10,1.6818428039550781,33,-0.28322998,-0.02080963,0.12188283,-0.056938898,-0.29022178,0.32938156,7.2688874e-07,0.012825929,0.007852374,0.012762879,0.8802642081244004,0.18329532892480366,0.437650255671661,-0.045004052323488294,0.9504661618927652,-0.3075527765624959,-0.4723447461013904,0.25103166631161067,0.844910375921156,0.026645651,0.0027052797,0.10755905,-0.9306362,-0.014859472,-0.14866038,0.534197,-0.043218303,-0.0012406937,0.0054891156,0.5805636130269948,-0.6903902767293838,-0.43163312781408136,0.7940653416478863,0.5972960792614522,0.11268374724210689,0.18001701148132596,-0.40816499053253247,0.8949833607843836,left_images/camera_left_33.png,right_images/camera_right_33.png
2025-05-15 15:17:10,1.7270607948303223,34,-0.2856898,-0.022923483,0.12233017,-0.054042414,-0.28893086,0.3300363,5.246049e-07,0.012311494,0.008093098,0.012660947,0.8792701153917052,0.18637742222038772,0.43834634784099763,-0.04821253891287887,0.9503674495754016,-0.3073715371974455,-0.4738772153951187,0.24912881662712125,0.8446154257739664,0.029456226,0.0029191452,0.10759514,-1.0266889,-0.0043453583,-0.15043159,0.50753003,-0.042721257,-0.0014733708,0.0057517104,0.5150274763155003,-0.7294342764581403,-0.4501914425753519,0.8458228609761884,0.51766062783891,0.1288842978623899,0.13903376025319342,-0.44716116861084343,0.8835816333516914,left_images/camera_left_34.png,right_images/camera_right_34.png
2025-05-15 15:17:10,1.771195411682129,35,-0.287636,-0.024736991,0.12273871,-0.04917861,-0.28784865,0.3304922,2.533419e-07,0.01187369,0.008295542,0.012535233,0.8783212225473295,0.19056398683088913,0.4384486252071976,-0.0531972819680856,0.9503829986396132,-0.3064999267340619,-0.4751019671756505,0.24588111521606135,0.8448790433937472,0.030588392,0.0028550986,0.10764336,-1.1085461,0.014067474,-0.14634298,0.4808637,-0.042234093,-0.0016437387,0.0059909755,0.4547618118826089,-0.7528432809372577,-0.4758347284518779,0.8841492436142991,0.4458773502105714,0.13954749580505846,0.1071065332718317,-0.48416978728213234,0.8683938090599594,left_images/camera_left_35.png,right_images/camera_right_35.png
2025-05-15 15:17:10,1.8150746822357178,36,-0.2890384,-0.026431067,0.123141326,-0.043419857,-0.28678986,0.3309067,1.279698e-07,0.011489223,0.008482103,0.012363439,0.8775411787564934,0.19513416787567692,0.43800015538140075,-0.05898642534994045,0.9504426668761944,-0.3052529092501875,-0.4758593082110509,0.2420359343335911,0.8455628452576222,0.030259961,0.0023793199,0.107723914,-1.2012757,0.040179648,-0.14092095,0.45419675,-0.041725,-0.0017466303,0.006217637,0.38355863727284467,-0.7707690799895499,-0.5087217285564489,0.9208824637098125,0.36078081133240547,0.14769121235224952,0.06970121810373475,-0.5251211588827802,0.848168325680971,left_images/camera_left_36.png,right_images/camera_right_36.png
2025-05-15 15:17:10,1.8615474700927734,37,-0.28981593,-0.028281333,0.12357541,-0.032795247,-0.28691232,0.32930806,4.5685375e-08,0.011141781,0.0086979065,0.012112209,0.8757701496245304,0.2036878334713549,0.43765044444439133,-0.06918625481756954,0.950221122977895,-0.3037977610038401,-0.47774460454404505,0.23577761543957815,0.8462676933965283,0.027522337,0.00066397106,0.10779981,-1.3136563,0.083590925,-0.14379364,0.42753026,-0.04118053,-0.001750922,0.0065212087,0.29938724153603885,-0.7771270899327227,-0.5535709220128346,0.9540021777169239,0.2533727223777961,0.16025638354284547,0.015720194553784816,-0.5760865817284435,0.8172374965917981,left_images/camera_left_37.png,right_images/camera_right_37.png
2025-05-15 15:17:10,1.9069945812225342,38,-0.28988945,-0.030261785,0.12398252,-0.022347515,-0.28748164,0.32719845,0.026666874,0.010873492,0.008939014,0.011823149,0.8739885544335435,0.21235385015254088,0.43709249483897256,-0.07923690955659969,0.9497038214316917,-0.3029590132707074,-0.47944292557413365,0.23014885157965412,0.846856532851629,0.02305439,-0.0011092038,0.107912846,-1.4222792,0.1339499,-0.15608522,0.40086412,-0.040691804,-0.001668934,0.006812626,0.22194356996748166,-0.7678341370973789,-0.6009756980594247,0.9740669906461132,0.1467943669428785,0.17217697746058827,-0.04398351377179793,-0.6236041627040048,0.780501953088218,left_images/camera_left_38.png,right_images/camera_right_38.png
2025-05-15 15:17:10,1.9616918563842773,39,-0.28909376,-0.032520317,0.12433086,-0.013180264,-0.28715652,0.3255241,0.05333424,0.01072247,0.009202612,0.011498537,0.8728602121839311,0.21954835933282346,0.43579073865846246,-0.08801253182056208,0.9492541312545617,-0.30194434675728204,-0.4799675449744049,0.2252001603250155,0.8478891693852622,0.015673127,-0.0022011898,0.1080791,-1.5333298,0.19784027,-0.16973345,0.42042473,-0.04026542,-0.0014617546,0.0070979646,0.1441088338423639,-0.7397302975497577,-0.6572912070730452,0.9840565695289918,0.037159849206011175,0.1739304848892775,-0.10423680720084744,-0.6718766497609017,0.7332915215183113,left_images/camera_left_39.png,right_images/camera_right_39.png
2025-05-15 15:17:10,2.010509490966797,40,-0.28716782,-0.034666263,0.124675706,-0.0070912563,-0.28640458,0.32636783,0.08000213,0.010682657,0.009452953,0.011073591,0.8735796996964401,0.22409635067484923,0.43201774719621455,-0.09446222392816411,0.9488741400706239,-0.3011889017805591,-0.4774258021188452,0.22230315319277164,0.8500858259915456,0.00713456,-0.0014779349,0.10829054,-1.6484299,0.26772466,-0.18850219,0.4470907,-0.039898146,-0.0012006809,0.0074069593,0.06768960181974126,-0.6951088472342771,-0.7157107015422635,0.9834378910677629,-0.0744016870327745,0.16527039474409128,-0.16813099719467417,-0.7150441101521718,0.6785601582166558,left_images/camera_left_40.png,right_images/camera_right_40.png
2025-05-15 15:17:10,2.0563066005706787,41,-0.28496408,-0.036199566,0.12499957,-0.0024530902,-0.28601453,0.32762808,0.10666914,0.010679856,0.009636449,0.010639065,0.8747025948435003,0.2274623195763969,0.4279675966086365,-0.09958139789484007,0.9485340027175957,-0.3006106965526108,-0.47431942377195246,0.22032734478829769,0.852336169226193,0.0006232801,0.00069867884,0.108520605,-1.7595154,0.32300186,-0.21560287,0.47375846,-0.039608642,-0.00094850437,0.007665992,0.0010279202750994587,-0.64740535690016,-0.7621451615256012,0.9721014105347158,-0.1781210632083977,0.15261629820542127,-0.23455871549853807,-0.7410392639384815,0.6291605663780824,left_images/camera_left_41.png,right_images/camera_right_41.png
2025-05-15 15:17:10,2.1077253818511963,42,-0.28243342,-0.037084654,0.1252864,0.0018258916,-0.28476393,0.3292175,0.13333622,0.010728018,0.009723438,0.010193105,0.8762270315716268,0.22949587190807616,0.42374265057972105,-0.10399345239592842,0.9486510082440522,-0.2987417386578571,-0.47054388849707895,0.21769912570953404,0.8550997249814513,-0.004386536,0.0034669887,0.10871752,-1.8544986,0.37011984,-0.24097872,0.50042504,-0.039384548,-0.0006766,0.007924807,-0.051943594838915585,-0.5978744091864647,-0.7999050279846641,0.9556724725119958,-0.2622100464783848,0.13392541509591038,-0.2898137129916719,-0.7574906483685055,0.5849922472958439,left_images/camera_left_42.png,right_images/camera_right_42.png
2025-05-15 15:17:11,2.15238881111145,43,-0.2792707,-0.037425842,0.12554581,0.006447003,-0.28256476,0.33100063,0.16000357,0.01084953,0.0097231,0.009700439,0.8781768772430707,0.2306199304518902,0.41907018499766185,-0.1083183242623352,0.949218714576967,-0.2953827559724,-0.4659104129600548,0.2140053260440406,0.8585622909959274,-0.007903079,0.006813765,0.10888037,-1.9351807,0.409676,-0.26263735,0.5270914,-0.039200325,-0.00043831253,0.008177914,-0.09468061306861264,-0.5500963571317179,-0.8297165656893718,0.937512647287688,-0.3295906605406683,0.111534894360453,-0.33482177002785096,-0.7673095818213009,0.5469281378395496,left_images/camera_left_43.png,right_images/camera_right_43.png
2025-05-15 15:17:11,2.2002487182617188,44,-0.2763499,-0.03755584,0.12575924,0.010455466,-0.28069222,0.33274755,0.18667032,0.010981595,0.009701563,0.009263312,0.8800135068526941,0.23149110483061663,0.41471447544198903,-0.11207647982581703,0.9497329623472558,-0.2923117563509198,-0.46153557872246087,0.2107585552602948,0.8617225429092108,-0.009515578,0.010546506,0.10897392,-1.9983495,0.43920416,-0.27588245,0.55375767,-0.039036445,-0.00028047943,0.008431386,-0.12952850783735526,-0.5098682264584538,-0.8504450348526583,0.9209482812740286,-0.3797552231997047,0.08740843020530387,-0.36752772531584765,-0.7718940096286883,0.5187513942376497,left_images/camera_left_44.png,right_images/camera_right_44.png
2025-05-15 15:17:11,2.2458834648132324,45,-0.27372697,-0.037697233,0.12591077,0.013908832,-0.27907738,0.33430368,0.21333694,0.011130211,0.009685551,0.008900324,0.8816387701903191,0.23225687107104773,0.4108160473223853,-0.11532799718024064,0.9501524745663641,-0.289671759310101,-0.4576161404099467,0.20800726168982991,0.8644769789419511,-0.009734646,0.014201546,0.10896158,-2.0484185,0.46082565,-0.28180796,0.5676266,-0.038909335,-0.00016627432,0.008719507,-0.16001799073087095,-0.4768768781642633,-0.8642816009349971,0.9062746923702586,-0.4179921639412624,0.06283894376017374,-0.3912293759569293,-0.7732211804884858,0.4990677122719366,left_images/camera_left_45.png,right_images/camera_right_45.png
2025-05-15 15:17:11,2.293536424636841,46,-0.27123585,-0.037757263,0.12602837,0.014811737,-0.2771641,0.3378894,0.24000391,0.01129848,0.009658405,0.008571798,0.8842887152799191,0.2310930412806737,0.40574557828796914,-0.116631714159817,0.9507155667728734,-0.2872924543872959,-0.4521399244489834,0.20672667309126463,0.8676598246731748,-0.008706042,0.01702199,0.10887635,-2.0970151,0.47394392,-0.2887406,0.56470597,-0.038802043,-2.1266605e-05,0.00902119,-0.18891938947837902,-0.44851919543239566,-0.8735788433838085,0.8897474419753242,-0.45460873567928795,0.04099252300659467,-0.4155225069445496,-0.7695202588449219,0.4849532116088735,left_images/camera_left_46.png,right_images/camera_right_46.png
2025-05-15 15:17:11,2.337636947631836,47,-0.26890045,-0.03766823,0.12615559,0.01744271,-0.27487004,0.34135723,0.26667067,0.011448756,0.009600699,0.008242871,0.8866586992364041,0.23077771854115792,0.400721843294506,-0.1193420055277883,0.9514101901206502,-0.2838593592806024,-0.4467592604356555,0.20386342182825948,0.8711175973744646,-0.006192825,0.018972628,0.10879569,-2.148605,0.47862732,-0.2994571,0.53962076,-0.03864383,0.00015471886,0.009293856,-0.21686667761484119,-0.42284071902892584,-0.8798719057177593,0.8694664275695643,-0.49346364045082525,0.02284221710864459,-0.4438434132323248,-0.7600653668495361,0.47466162963332104,left_images/camera_left_47.png,right_images/camera_right_47.png
2025-05-15 15:17:11,2.381457567214966,48,-0.26669288,-0.037293494,0.1263031,0.023397295,-0.27370924,0.34495568,0.2933378,0.011588631,0.009515358,0.007901713,0.8885826069743532,0.23332157572910942,0.3949455568580912,-0.12545609048961773,0.9517640328798962,-0.2800107052868818,-0.4412275149418077,0.19926431696488361,0.8749925782786935,-0.0012747367,0.020112805,0.108729824,-2.2087672,0.47205794,-0.31155542,0.5137485,-0.038373448,0.00037643217,0.00953608,-0.24948522491363417,-0.3984172613948673,-0.8826215544458493,0.8419866718334579,-0.5394700991557775,0.005518747291944459,-0.47834670167631566,-0.7417787392069616,0.47005184294492486,left_images/camera_left_48.png,right_images/camera_right_48.png
2025-05-15 15:17:11,2.4408020973205566,49,-0.26460096,-0.03682903,0.12646708,0.032105587,-0.27287924,0.34913275,0.32000458,0.011721605,0.009414291,0.0075485706,0.8903067732016805,0.2379373486023751,0.38825206725951017,-0.13435531418869828,0.9519268120657027,-0.27528892825481466,-0.43508907035280436,0.1929278689316299,0.8794750356030763,0.00469583,0.020527128,0.10868805,-2.2664354,0.46111655,-0.32326406,0.4888381,-0.03803247,0.0006006758,0.009764817,-0.2791875464197634,-0.3753056413162763,-0.8838551858309659,0.8124550555787249,-0.5829528266112608,-0.009098604866272064,-0.511831121160763,-0.7206328312962991,0.46767213501468785,left_images/camera_left_49.png,right_images/camera_right_49.png
2025-05-15 15:17:11,2.4871256351470947,50,-0.26248655,-0.03618284,0.12664124,0.045964513,-0.27346906,0.3544231,0.34667182,0.011880834,0.0092940675,0.0071686236,0.8916633544795437,0.24689425414834418,0.37944655690468543,-0.1487204149467675,0.9514236825309251,-0.2695834091656143,-0.42757303523064816,0.18394619753565597,0.8850678482217195,0.01251055,0.020592919,0.10870574,-2.336525,0.44387472,-0.337705,0.4621716,-0.037564557,0.00084830064,0.009973874,-0.31288775909925187,-0.3468199107702604,-0.8842042748704381,0.7724457883718227,-0.6346110002360725,-0.02442094195572414,-0.5526560903785299,-0.6906408819876508,0.4664615931615786,left_images/camera_left_50.png,right_images/camera_right_50.png
2025-05-15 15:17:11,2.534252882003784,51,-0.26059195,-0.035474084,0.12677816,0.061888956,-0.27502647,0.35962668,0.37333846,0.012056559,0.009171362,0.006831104,0.8923501484322627,0.2579146198148828,0.3703933874661686,-0.1651987921792182,0.9503395402036992,-0.2637501040529638,-0.4200244893520452,0.17416890426010673,0.8906428134406,0.021841438,0.02030778,0.108774245,-2.412423,0.42079788,-0.353931,0.4355049,-0.036978938,0.0010587245,0.0101757515,-0.34546465555870143,-0.31505226766930744,-0.8839661986728535,0.7239581035392748,-0.6888278470015313,-0.037428084576310305,-0.5971087305336644,-0.6528845731303979,0.4660503171212458,left_images/camera_left_51.png,right_images/camera_right_51.png
2025-05-15 15:17:11,2.5829379558563232,52,-0.25857717,-0.034722578,0.12686028,0.08208117,-0.2772475,0.36500573,0.40000555,0.012301163,0.009033241,0.006509791,0.8922335648977344,0.27222790464102453,0.3602932605595584,-0.18577398242616794,0.9484946396734478,-0.25660464914778613,-0.41159117230985703,0.16201816702300342,0.8968516156149265,0.031949386,0.019493707,0.10894965,-2.4825711,0.39687824,-0.36655578,0.41499656,-0.036260303,0.0012530163,0.010339285,-0.37357041035945976,-0.28336325378324007,-0.8832612382014959,0.6746174097274811,-0.7365372030397405,-0.049033652025725016,-0.6366604267554632,-0.6141809301368539,0.4663102894637649,left_images/camera_left_52.png,right_images/camera_right_52.png
2025-05-15 15:17:11,2.6288397312164307,53,-0.2566908,-0.033982154,0.12691155,0.10005026,-0.27943474,0.3700611,0.42667216,0.012546135,0.008900106,0.006230889,0.8919461579522101,0.28504148649164984,0.35097493114597467,-0.20407654674784825,0.9464817801937341,-0.250050000657415,-0.403466001519043,0.1514053854389946,0.9023810696586587,0.04122134,0.01811187,0.109215565,-2.538851,0.3773867,-0.37280622,0.41638124,-0.03552015,0.0014760792,0.010432132,-0.3962375199792119,-0.2552582116021803,-0.8819518542246964,0.6322898572872577,-0.7723636583448364,-0.06053028696313795,-0.665736707815021,-0.5816335828318695,0.4674366386899726,left_images/camera_left_53.png,right_images/camera_right_53.png
2025-05-15 15:17:11,2.674485445022583,54,-0.2547596,-0.03313825,0.12695943,0.117820986,-0.28134483,0.3744437,0.45333868,0.012790427,0.008747617,0.0059535895,0.8912328814990472,0.2974643187766981,0.34237250180121076,-0.22177632145100187,0.9443001388609384,-0.24313064593110026,-0.3956250929586836,0.14075591213845004,0.9075618761382089,0.049735714,0.016510366,0.10956695,-2.5882218,0.3622027,-0.37786645,0.41602686,-0.03475882,0.0017196531,0.010471431,-0.41395621938728977,-0.22771028746543104,-0.8813559289032965,0.593921775632736,-0.8013011047491266,-0.07192679582107633,-0.6898530081545197,-0.5532310227294196,0.46694567417411675,left_images/camera_left_54.png,right_images/camera_right_54.png
2025-05-15 15:17:11,2.7237389087677,55,-0.25285196,-0.032253888,0.12700588,0.13566856,-0.283197,0.3774087,0.4800054,0.013021906,0.008589046,0.005684983,0.889763883012249,0.30987731437095417,0.33510637493967455,-0.23905158136461874,0.9418385861394802,-0.23620842302055994,-0.38881174613691905,0.1300620148122793,0.9120906196036281,0.05644033,0.015246706,0.10995486,-2.6204362,0.35673255,-0.37837365,0.42488897,-0.034062896,0.0019701945,0.010472525,-0.4257354605533015,-0.20554843501786138,-0.881191896518106,0.5691992149531475,-0.8178746651830681,-0.0842216465548194,-0.703392899682808,-0.5374298772057544,0.46519625510360546,left_images/camera_left_55.png,right_images/camera_right_55.png
