Epoch Time (Seconds),Time (Seconds),Frame Number,PSM1_joint_1,PSM1_joint_2,PSM1_joint_3,PSM1_joint_4,PSM1_joint_5,PSM1_joint_6,PSM1_jaw_angle,PSM1_ee_x,PSM1_ee_y,PSM1_ee_z,"PSM1_Orientation_Matrix_[1,1]","PSM1_Orientation_Matrix_[1,2]","PSM1_Orientation_Matrix_[1,3]","PSM1_Orientation_Matrix_[2,1]","PSM1_Orientation_Matrix_[2,2]","PSM1_Orientation_Matrix_[2,3]","PSM1_Orientation_Matrix_[3,1]","PSM1_Orientation_Matrix_[3,2]","PSM1_Orientation_Matrix_[3,3]",PSM2_joint_1,PSM2_joint_2,PSM2_joint_3,PSM2_joint_4,PSM2_joint_5,PSM2_joint_6,PSM2_jaw_angle,PSM2_ee_x,PSM2_ee_y,PSM2_ee_z,"PSM2_Orientation_Matrix_[1,1]","PSM2_Orientation_Matrix_[1,2]","PSM2_Orientation_Matrix_[1,3]","PSM2_Orientation_Matrix_[2,1]","PSM2_Orientation_Matrix_[2,2]","PSM2_Orientation_Matrix_[2,3]","PSM2_Orientation_Matrix_[3,1]","PSM2_Orientation_Matrix_[3,2]","PSM2_Orientation_Matrix_[3,3]",Camera Left,Camera Right
2025-05-07 15:24:50,0.0030939579010009766,1,-0.10264312,0.00016657091,0.11000515,2.6615575e-05,-0.00020101412,0.012462794,3.8953582e-13,0.033960707,-1.521019e-05,0.008547125,0.8173623843612564,4.1746066734787025e-05,0.5761238850182725,-2.7099717486017016e-05,0.9999999990543562,-3.401313069115561e-05,-0.5761238858933789,1.2188259080372244e-05,0.8173623847196293,-0.0009207822,1.0250825e-05,0.103761636,0.0007106093,0.00011648615,-0.01401114,1.0421597,-0.046898983,-3.362632e-06,0.0076121623,0.8732970402006449,0.0006789284346300689,-0.48718766264446195,-0.0007122330171372531,0.9999997395328164,0.00011686928130178209,0.48718761509394176,0.00024492954142608844,0.8732972962906718,left_images/camera_left_1.png,right_images/camera_right_1.png
2025-05-07 15:24:50,0.05830502510070801,2,-0.10264312,0.00016657266,0.11000515,2.6609132e-05,-0.00020102614,0.012462794,3.9027307e-13,0.033960707,-1.521019e-05,0.008547125,0.8173623843612564,4.1746066734787025e-05,0.5761238850182725,-2.7099717486017016e-05,0.9999999990543562,-3.401313069115561e-05,-0.5761238858933789,1.2188259080372244e-05,0.8173623847196293,-0.0009207787,1.0250552e-05,0.103761636,0.0007106278,0.000116488,-0.01401114,1.0399084,-0.046898983,-3.362632e-06,0.0076121623,0.8732970402006449,0.0006789284346300689,-0.48718766264446195,-0.0007122330171372531,0.9999997395328164,0.00011686928130178209,0.48718761509394176,0.00024492954142608844,0.8732972962906718,left_images/camera_left_2.png,right_images/camera_right_2.png
2025-05-07 15:24:50,0.1083672046661377,3,-0.10264312,0.0001665744,0.11000515,2.660269e-05,-0.00020103816,0.012462794,3.8539647e-13,0.033960707,-1.521019e-05,0.008547125,0.8173623843612564,4.1746066734787025e-05,0.5761238850182725,-2.7099717486017016e-05,0.9999999990543562,-3.401313069115561e-05,-0.5761238858933789,1.2188259080372244e-05,0.8173623847196293,-0.00092077523,1.0250279e-05,0.103761636,0.00071064534,0.00011648987,-0.01401114,1.0397253,-0.046898983,-3.362632e-06,0.0076121623,0.8732970402006449,0.0006789284346300689,-0.48718766264446195,-0.0007122330171372531,0.9999997395328164,0.00011686928130178209,0.48718761509394176,0.00024492954142608844,0.8732972962906718,left_images/camera_left_3.png,right_images/camera_right_3.png
2025-05-07 15:24:50,0.16430282592773438,4,-0.10264312,0.00016657615,0.11000515,2.6596246e-05,-0.00020105018,0.012462794,3.8992553e-13,0.033960707,-1.521019e-05,0.008547125,0.8173623843612564,4.1746066734787025e-05,0.5761238850182725,-2.7099717486017016e-05,0.9999999990543562,-3.401313069115561e-05,-0.5761238858933789,1.2188259080372244e-05,0.8173623847196293,-0.00092077174,1.0250006e-05,0.103761636,0.00071066286,0.00011649175,-0.01401114,1.0396789,-0.046898983,-3.362632e-06,0.0076121623,0.8732970402006449,0.0006789284346300689,-0.48718766264446195,-0.0007122330171372531,0.9999997395328164,0.00011686928130178209,0.48718761509394176,0.00024492954142608844,0.8732972962906718,left_images/camera_left_4.png,right_images/camera_right_4.png
2025-05-07 15:24:50,0.2107377052307129,5,-0.10264312,0.0001665779,0.11000515,2.6589803e-05,-0.0002010622,0.012462794,3.8826342e-13,0.033960678,-1.5205935e-05,0.008547122,0.8173624171068468,4.1479310742493505e-05,0.5761238385804911,-2.672489330468551e-05,0.9999999990621025,-3.4081886567182096e-05,-0.5761238394538392,1.2460405067763848e-05,0.8173624174487748,-0.00092076825,1.0249733e-05,0.103761636,0.0007106803,0.00011649365,-0.01401114,1.0426263,-0.046898983,-3.362632e-06,0.0076121623,0.8732970402006449,0.0006789284346300689,-0.48718766264446195,-0.0007122330171372531,0.9999997395328164,0.00011686928130178209,0.48718761509394176,0.00024492954142608844,0.8732972962906718,left_images/camera_left_5.png,right_images/camera_right_5.png
2025-05-07 15:24:50,0.2523643970489502,6,-0.10264312,0.00016657627,0.11000515,2.6546004e-05,-0.00020108324,0.012462822,3.1687237e-12,0.033960678,-1.5205935e-05,0.008547122,0.8173624171068468,4.1479310742493505e-05,0.5761238385804911,-2.672489330468551e-05,0.9999999990621025,-3.4081886567182096e-05,-0.5761238394538392,1.2460405067763848e-05,0.8173624174487748,-0.00092076475,1.02494605e-05,0.103761636,0.00071069883,0.000116495496,-0.01401114,1.0400426,-0.046898983,-3.362632e-06,0.0076121623,0.8732970402006449,0.0006789284346300689,-0.48718766264446195,-0.0007122330171372531,0.9999997395328164,0.00011686928130178209,0.48718761509394176,0.00024492954142608844,0.8732972962906718,left_images/camera_left_6.png,right_images/camera_right_6.png
2025-05-07 15:24:50,0.3007059097290039,7,-0.10264312,0.00016657764,0.11000515,2.6554637e-05,-0.0002010971,0.012462822,1.0863131e-12,0.033960678,-1.5205935e-05,0.008547122,0.8173624171068468,4.1479310742493505e-05,0.5761238385804911,-2.672489330468551e-05,0.9999999990621025,-3.4081886567182096e-05,-0.5761238394538392,1.2460405067763848e-05,0.8173624174487748,-0.00092076126,1.0249188e-05,0.103761636,0.00071071653,0.000116497366,-0.01401114,1.0397341,-0.046898983,-3.362632e-06,0.0076121623,0.8732970402006449,0.0006789284346300689,-0.48718766264446195,-0.0007122330171372531,0.9999997395328164,0.00011686928130178209,0.48718761509394176,0.00024492954142608844,0.8732972962906718,left_images/camera_left_7.png,right_images/camera_right_7.png
2025-05-07 15:24:50,0.3559558391571045,8,-0.10264312,0.00016657938,0.11000515,2.6563277e-05,-0.00020111095,0.012462822,2.9595754e-13,0.033960678,-1.5201076e-05,0.008547128,0.8173623636116955,4.175786263054474e-05,0.5761239144553743,-2.686951706356303e-05,0.999999999048703,-3.43601959890094e-05,-0.5761239153421176,1.2604559657552415e-05,0.8173623639561547,-0.00092075777,1.0248915e-05,0.103761636,0.0007107341,0.00011649924,-0.01401114,1.0396451,-0.046898983,-3.362632e-06,0.0076121623,0.8732970402006449,0.0006789284346300689,-0.48718766264446195,-0.0007122330171372531,0.9999997395328164,0.00011686928130178209,0.48718761509394176,0.00024492954142608844,0.8732972962906718,left_images/camera_left_8.png,right_images/camera_right_8.png
2025-05-07 15:24:50,0.4160165786743164,9,-0.10264312,0.00016657653,0.11000515,2.6554417e-05,-0.0002011343,0.012462794,7.0839315e-12,0.033960678,-1.5201076e-05,0.008547128,0.8173623636116955,4.175786263054474e-05,0.5761239144553743,-2.686951706356303e-05,0.999999999048703,-3.43601959890094e-05,-0.5761239153421176,1.2604559657552415e-05,0.8173623639561547,-0.0009207543,1.0248642e-05,0.103761636,0.0007107515,0.00011650113,-0.01401114,1.0401882,-0.046898983,-3.362632e-06,0.0076121623,0.8732970402006449,0.0006789284346300689,-0.48718766264446195,-0.0007122330171372531,0.9999997395328164,0.00011686928130178209,0.48718761509394176,0.00024492954142608844,0.8732972962906718,left_images/camera_left_9.png,right_images/camera_right_9.png
2025-05-07 15:24:50,0.46428751945495605,10,-0.10264312,0.00016657208,0.11000515,2.6513695e-05,-0.00020110288,0.01246285,1.8428635e-12,0.03396068,-1.52065795e-05,0.0085471235,0.8173625807764333,4.1520148777535744e-05,0.576123606375026,-2.6765737286450342e-05,0.999999999060569,-3.409483037379121e-05,-0.5761236072494201,1.2447465452700433e-05,0.8173625811198948,-0.0009207508,1.0248369e-05,0.103761636,0.0007107697,0.000116503,-0.01401114,1.0397091,-0.046898983,-3.362632e-06,0.0076121623,0.8732970402006449,0.0006789284346300689,-0.48718766264446195,-0.0007122330171372531,0.9999997395328164,0.00011686928130178209,0.48718761509394176,0.00024492954142608844,0.8732972962906718,left_images/camera_left_10.png,right_images/camera_right_10.png
2025-05-07 15:24:50,0.5183875560760498,11,-0.10264312,0.00016657152,0.11000515,2.6533831e-05,-0.00020104885,0.012462878,2.709521e-12,0.03396068,-1.52065795e-05,0.0085471235,0.8173625807764333,4.1520148777535744e-05,0.576123606375026,-2.6765737286450342e-05,0.999999999060569,-3.409483037379121e-05,-0.5761236072494201,1.2447465452700433e-05,0.8173625811198948,-0.0009207473,1.0248096e-05,0.103761636,0.000710787,0.000116504874,-0.01401114,1.0400208,-0.046898983,-3.362632e-06,0.0076121623,0.8732970402006449,0.0006789284346300689,-0.48718766264446195,-0.0007122330171372531,0.9999997395328164,0.00011686928130178209,0.48718761509394176,0.00024492954142608844,0.8732972962906718,left_images/camera_left_11.png,right_images/camera_right_11.png
2025-05-07 15:24:50,0.5746896266937256,12,-0.10264312,0.00016657375,0.11000515,2.656767e-05,-0.00020106565,0.012462878,9.759509e-13,0.03396068,-1.52065795e-05,0.0085471235,0.8173625807764333,4.1520148777535744e-05,0.576123606375026,-2.6765737286450342e-05,0.999999999060569,-3.409483037379121e-05,-0.5761236072494201,1.2447465452700433e-05,0.8173625811198948,-0.0009207438,1.0247823e-05,0.103761636,0.0007108045,0.000116506766,-0.01401114,1.0419625,-0.046898983,-3.362632e-06,0.0076121623,0.8732970402006449,0.0006789284346300689,-0.48718766264446195,-0.0007122330171372531,0.9999997395328164,0.00011686928130178209,0.48718761509394176,0.00024492954142608844,0.8732972962906718,left_images/camera_left_12.png,right_images/camera_right_12.png
2025-05-07 15:24:50,0.6346108913421631,13,-0.10264312,0.00016657637,0.11000515,2.660151e-05,-0.00020108244,0.012462878,4.2753973e-13,0.03396071,-1.5210089e-05,0.008547125,0.8173625480287616,4.183932544429185e-05,0.5761236528119649,-2.7205910578047508e-05,0.999999999051091,-3.402435035846785e-05,-0.5761236536888319,1.213626112372018e-05,0.8173625483914359,-0.0009207403,1.0247551e-05,0.103761636,0.0007108227,0.00011650861,-0.01401114,1.04017,-0.046899028,-3.358255e-06,0.00761219,0.8732970399843144,0.0006791901904996425,-0.4871876626673956,-0.0007125955514376497,0.9999997392876917,0.00011675670795617867,0.4871876149515862,0.0002452044736756485,0.8732972962929356,left_images/camera_left_13.png,right_images/camera_right_13.png
2025-05-07 15:24:51,0.6798720359802246,14,-0.10264312,0.000166578,0.11000515,2.6657453e-05,-0.0002010678,0.012462822,6.20954e-12,0.033960707,-1.521019e-05,0.008547125,0.8173623843612564,4.1746066734787025e-05,0.5761238850182725,-2.7099717486017016e-05,0.9999999990543562,-3.401313069115561e-05,-0.5761238858933789,1.2188259080372244e-05,0.8173623847196293,-0.0009207464,1.0241368e-05,0.103761636,0.00071084016,0.00011654994,-0.01401114,1.0400515,-0.046899028,-3.358255e-06,0.00761219,0.8732970399843144,0.0006791901904996425,-0.4871876626673956,-0.0007125955514376497,0.9999997392876917,0.00011675670795617867,0.4871876149515862,0.0002452044736756485,0.8732972962929356,left_images/camera_left_14.png,right_images/camera_right_14.png
2025-05-07 15:24:51,0.733788013458252,15,-0.10264312,0.00016658027,0.11000515,2.6651027e-05,-0.00020107982,0.012462822,1.2088117e-12,0.033960707,-1.521019e-05,0.008547125,0.8173623843612564,4.1746066734787025e-05,0.5761238850182725,-2.7099717486017016e-05,0.9999999990543562,-3.401313069115561e-05,-0.5761238858933789,1.2188259080372244e-05,0.8173623847196293,-0.0009207534,1.0234755e-05,0.103761636,0.00071085786,0.00011659127,-0.01401114,1.0422733,-0.046899028,-3.358255e-06,0.00761219,0.8732970399843144,0.0006791901904996425,-0.4871876626673956,-0.0007125955514376497,0.9999997392876917,0.00011675670795617867,0.4871876149515862,0.0002452044736756485,0.8732972962929356,left_images/camera_left_15.png,right_images/camera_right_15.png
2025-05-07 15:24:51,0.7887225151062012,16,-0.10264312,0.00016658202,0.11000515,2.6644584e-05,-0.00020109184,0.012462822,3.9717394e-13,0.033960707,-1.521019e-05,0.008547125,0.8173623843612564,4.1746066734787025e-05,0.5761238850182725,-2.7099717486017016e-05,0.9999999990543562,-3.401313069115561e-05,-0.5761238858933789,1.2188259080372244e-05,0.8173623847196293,-0.0009207604,1.0228142e-05,0.103761636,0.0007108764,0.000116632626,-0.01401114,1.0398471,-0.046899028,-3.358255e-06,0.00761219,0.8732970399843144,0.0006791901904996425,-0.4871876626673956,-0.0007125955514376497,0.9999997392876917,0.00011675670795617867,0.4871876149515862,0.0002452044736756485,0.8732972962929356,left_images/camera_left_16.png,right_images/camera_right_16.png
2025-05-07 15:24:51,0.8495404720306396,17,-0.10264312,0.00016658376,0.11000515,2.6638141e-05,-0.00020110386,0.012462822,3.84027e-13,0.033960707,-1.521019e-05,0.008547125,0.8173623843612564,4.1746066734787025e-05,0.5761238850182725,-2.7099717486017016e-05,0.9999999990543562,-3.401313069115561e-05,-0.5761238858933789,1.2188259080372244e-05,0.8173623847196293,-0.0009207674,1.022153e-05,0.103761636,0.00071089366,0.00011667396,-0.01401114,1.0398585,-0.046899028,-3.358255e-06,0.00761219,0.8732970399843144,0.0006791901904996425,-0.4871876626673956,-0.0007125955514376497,0.9999997392876917,0.00011675670795617867,0.4871876149515862,0.0002452044736756485,0.8732972962929356,left_images/camera_left_17.png,right_images/camera_right_17.png
2025-05-07 15:24:51,0.9002256393432617,18,-0.10264312,0.00016658551,0.11000515,2.6631698e-05,-0.00020111588,0.012462822,3.8774789e-13,0.033960707,-1.5202921e-05,0.0085471235,0.8173624170906874,4.20014948897065e-05,0.5761238385655845,-2.7162102355680533e-05,0.999999999040531,-3.4367981134059025e-05,-0.5761238394563182,1.2442361457595656e-05,0.8173624174473024,-0.00092077436,1.0214916e-05,0.103761636,0.0007109113,0.00011671529,-0.01401114,1.041986,-0.046899028,-3.358255e-06,0.00761219,0.8732970399843144,0.0006791901904996425,-0.4871876626673956,-0.0007125955514376497,0.9999997392876917,0.00011675670795617867,0.4871876149515862,0.0002452044736756485,0.8732972962929356,left_images/camera_left_18.png,right_images/camera_right_18.png
2025-05-07 15:24:51,0.9416024684906006,19,-0.10264312,0.00016658321,0.11000515,2.6640762e-05,-0.0002011585,0.012462821,1.8017916e-12,0.033960707,-1.5202921e-05,0.0085471235,0.8173624170906874,4.20014948897065e-05,0.5761238385655845,-2.7162102355680533e-05,0.999999999040531,-3.4367981134059025e-05,-0.5761238394563182,1.2442361457595656e-05,0.8173624174473024,-0.00092078134,1.0208304e-05,0.103761636,0.0007109298,0.00011675665,-0.01401114,1.0397602,-0.046899028,-3.358255e-06,0.00761219,0.8732970399843144,0.0006791901904996425,-0.4871876626673956,-0.0007125955514376497,0.9999997392876917,0.00011675670795617867,0.4871876149515862,0.0002452044736756485,0.8732972962929356,left_images/camera_left_19.png,right_images/camera_right_19.png
2025-05-07 15:24:51,0.9854133129119873,20,-0.10264312,0.0001665791,0.11000515,2.6636431e-05,-0.00020113151,0.012462818,5.0468944e-13,0.033960707,-1.5202921e-05,0.0085471235,0.8173624170906874,4.20014948897065e-05,0.5761238385655845,-2.7162102355680533e-05,0.999999999040531,-3.4367981134059025e-05,-0.5761238394563182,1.2442361457595656e-05,0.8173624174473024,-0.0009207669,1.0201689e-05,0.10376167,0.0007109471,0.00011679801,-0.014011168,1.0453422,-0.046899028,-3.358255e-06,0.0076121604,0.8732970399843144,0.0006791901904996425,-0.4871876626673956,-0.0007125955514376497,0.9999997392876917,0.00011675670795617867,0.4871876149515862,0.0002452044736756485,0.8732972962929356,left_images/camera_left_20.png,right_images/camera_right_20.png
2025-05-07 15:24:51,1.0471673011779785,21,-0.10264312,0.00016657477,0.11000515,2.6632099e-05,-0.0002011045,0.012462814,2.966159e-13,0.033960707,-1.521019e-05,0.008547125,0.8173623843612564,4.1746066734787025e-05,0.5761238850182725,-2.7099717486017016e-05,0.9999999990543562,-3.401313069115561e-05,-0.5761238858933789,1.2188259080372244e-05,0.8173623847196293,-0.000920784,1.0195074e-05,0.103761636,0.000710965,0.00011683936,-0.01401114,1.0399816,-0.046899028,-3.358255e-06,0.00761219,0.8732970399843144,0.0006791901904996425,-0.4871876626673956,-0.0007125955514376497,0.9999997392876917,0.00011675670795617867,0.4871876149515862,0.0002452044736756485,0.8732972962929356,left_images/camera_left_21.png,right_images/camera_right_21.png
2025-05-07 15:24:51,1.1008975505828857,22,-0.10264312,0.00016657461,0.11000515,2.6612252e-05,-0.00020104686,0.012462814,1.8101669e-12,0.033960707,-1.521019e-05,0.008547125,0.8173623843612564,4.1746066734787025e-05,0.5761238850182725,-2.7099717486017016e-05,0.9999999990543562,-3.401313069115561e-05,-0.5761238858933789,1.2188259080372244e-05,0.8173623847196293,-0.00092079403,1.0190398e-05,0.103761636,0.0007109664,0.000116828814,-0.014011112,1.0395585,-0.046899028,-3.358255e-06,0.00761219,0.8732970399843144,0.0006791901904996425,-0.4871876626673956,-0.0007125955514376497,0.9999997392876917,0.00011675670795617867,0.4871876149515862,0.0002452044736756485,0.8732972962929356,left_images/camera_left_22.png,right_images/camera_right_22.png
2025-05-07 15:24:51,1.1562845706939697,23,-0.10264312,0.00016657618,0.11000515,2.6605807e-05,-0.00020105888,0.012462814,4.706887e-13,0.033960707,-1.521019e-05,0.008547125,0.8173623843612564,4.1746066734787025e-05,0.5761238850182725,-2.7099717486017016e-05,0.9999999990543562,-3.401313069115561e-05,-0.5761238858933789,1.2188259080372244e-05,0.8173623847196293,-0.000920801,1.0186011e-05,0.103761636,0.0007109681,0.00011681825,-0.014011084,1.0399425,-0.046899028,-3.358255e-06,0.00761219,0.8732970399843144,0.0006791901904996425,-0.4871876626673956,-0.0007125955514376497,0.9999997392876917,0.00011675670795617867,0.4871876149515862,0.0002452044736756485,0.8732972962929356,left_images/camera_left_23.png,right_images/camera_right_23.png
2025-05-07 15:24:51,1.2027294635772705,24,-0.10264312,0.00016657793,0.11000515,2.6599364e-05,-0.0002010709,0.012462814,3.8045446e-13,0.033960707,-1.521019e-05,0.008547125,0.8173623843612564,4.1746066734787025e-05,0.5761238850182725,-2.7099717486017016e-05,0.9999999990543562,-3.401313069115561e-05,-0.5761238858933789,1.2188259080372244e-05,0.8173623847196293,-0.000920808,1.0179689e-05,0.103761636,0.0007109864,0.000116859585,-0.014011084,1.0393157,-0.046899028,-3.3629628e-06,0.00761219,0.8732970814877051,0.0006793832719814497,-0.4871875880022256,-0.0007126470749084972,0.9999997392154443,0.00011706062626575725,0.48718754048025814,0.0002449641062465034,0.8732973379058152,left_images/camera_left_24.png,right_images/camera_right_24.png
2025-05-07 15:24:51,1.2565891742706299,25,-0.10264312,0.00016657967,0.11000515,2.6592921e-05,-0.00020108292,0.012462814,3.8410204e-13,0.033960707,-1.521019e-05,0.008547125,0.8173623843612564,4.1746066734787025e-05,0.5761238850182725,-2.7099717486017016e-05,0.9999999990543562,-3.401313069115561e-05,-0.5761238858933789,1.2188259080372244e-05,0.8173623847196293,-0.0009208116,1.0162224e-05,0.10376166,0.0007109946,0.000116946256,-0.01401114,1.0442832,-0.046899028,-3.3666881e-06,0.00761219,0.8732970814877051,0.0006793832719814497,-0.4871875880022256,-0.0007126470749084972,0.9999997392154443,0.00011706062626575725,0.48718754048025814,0.0002449641062465034,0.8732973379058152,left_images/camera_left_25.png,right_images/camera_right_25.png
2025-05-07 15:24:51,1.3050646781921387,26,-0.10264312,0.00016658488,0.11000515,2.6638918e-05,-0.00020108763,0.012462786,3.8695015e-12,0.033960707,-1.521019e-05,0.008547125,0.8173623843612564,4.1746066734787025e-05,0.5761238850182725,-2.7099717486017016e-05,0.9999999990543562,-3.401313069115561e-05,-0.5761238858933789,1.2188259080372244e-05,0.8173623847196293,-0.0009208151,1.0153376e-05,0.103761636,0.00071100355,0.000117021445,-0.014011196,1.0400833,-0.046899028,-3.3629628e-06,0.00761219,0.8732970814877051,0.0006793832719814497,-0.4871875880022256,-0.0007126470749084972,0.9999997392154443,0.00011706062626575725,0.48718754048025814,0.0002449641062465034,0.8732973379058152,left_images/camera_left_26.png,right_images/camera_right_26.png
2025-05-07 15:24:51,1.3541111946105957,27,-0.10264312,0.00016658726,0.11000515,2.6632486e-05,-0.00020109965,0.012462786,9.189856e-13,0.033960707,-1.521019e-05,0.008547125,0.8173623843612564,4.1746066734787025e-05,0.5761238850182725,-2.7099717486017016e-05,0.9999999990543562,-3.401313069115561e-05,-0.5761238858933789,1.2188259080372244e-05,0.8173623847196293,-0.0009208186,1.0136287e-05,0.103761666,0.0007110115,0.00011710811,-0.014011252,1.0448486,-0.046899028,-3.3666881e-06,0.00761219,0.8732970814877051,0.0006793832719814497,-0.4871875880022256,-0.0007126470749084972,0.9999997392154443,0.00011706062626575725,0.48718754048025814,0.0002449641062465034,0.8732973379058152,left_images/camera_left_27.png,right_images/camera_right_27.png
2025-05-07 15:24:51,1.3968439102172852,28,-0.10264312,0.000166589,0.11000515,2.6626043e-05,-0.00020111167,0.012462786,3.835475e-13,0.033960707,-1.5202921e-05,0.0085471235,0.8173624170906874,4.20014948897065e-05,0.5761238385655845,-2.7162102355680533e-05,0.999999999040531,-3.4367981134059025e-05,-0.5761238394563182,1.2442361457595656e-05,0.8173624174473024,-0.0009208221,1.0127439e-05,0.103761636,0.0007110205,0.00011718329,-0.014011308,1.0402583,-0.046899028,-3.3629628e-06,0.00761219,0.8732970814877051,0.0006793832719814497,-0.4871875880022256,-0.0007126470749084972,0.9999997392154443,0.00011706062626575725,0.48718754048025814,0.0002449641062465034,0.8732973379058152,left_images/camera_left_28.png,right_images/camera_right_28.png
2025-05-07 15:24:51,1.443873405456543,29,-0.10264312,0.0001665867,0.11000515,2.6635107e-05,-0.0002011543,0.0124627855,1.8016153e-12,0.033960707,-1.5202921e-05,0.0085471235,0.8173624170906874,4.20014948897065e-05,0.5761238385655845,-2.7162102355680533e-05,0.999999999040531,-3.4367981134059025e-05,-0.5761238394563182,1.2442361457595656e-05,0.8173624174473024,-0.00092081766,1.0111741e-05,0.103761636,0.0007110452,0.0001172186,-0.0140113635,1.0398171,-0.046899028,-3.3629628e-06,0.00761219,0.8732970814877051,0.0006793832719814497,-0.4871875880022256,-0.0007126470749084972,0.9999997392154443,0.00011706062626575725,0.48718754048025814,0.0002449641062465034,0.8732973379058152,left_images/camera_left_29.png,right_images/camera_right_29.png
2025-05-07 15:24:51,1.494720220565796,30,-0.10264312,0.0001665826,0.11000515,2.6630776e-05,-0.0002011273,0.012462783,5.0523745e-13,0.033960707,-1.5202921e-05,0.0085471235,0.8173624170906874,4.20014948897065e-05,0.5761238385655845,-2.7162102355680533e-05,0.999999999040531,-3.4367981134059025e-05,-0.5761238394563182,1.2442361457595656e-05,0.8173624174473024,-0.000920754,9.959819e-06,0.103761636,0.0007110536,0.00011742724,-0.014011502,1.0419147,-0.046899073,-3.4719615e-06,0.0076121585,0.8732972366801628,0.0006793576683639151,-0.48718730985109865,-0.0007125099036451534,0.9999997392905584,0.0001172537956825159,0.4871872624940324,0.00024472836743934625,0.8732974930523946,left_images/camera_left_30.png,right_images/camera_right_30.png
2025-05-07 15:24:51,1.5398774147033691,31,-0.09838607,0.021950776,0.11003895,0.11669649,-0.116868235,-0.07998497,1.9154875e-06,0.033917088,-0.00026004238,0.008699616,0.7605103268975177,0.14929009599010748,0.6319307793750003,-0.10852238904877345,0.9887454650930083,-0.10298201946532831,-0.6401928879309559,0.009740251396914971,0.7681524547544891,-0.0009207437,9.936085e-06,0.103761636,0.0007111015,0.00011742904,-0.014011502,1.0396864,-0.046899073,-3.4719615e-06,0.0076121585,0.8732972366801628,0.0006793576683639151,-0.48718730985109865,-0.0007125099036451534,0.9999997392905584,0.0001172537956825159,0.4871872624940324,0.00024472836743934625,0.8732974930523946,left_images/camera_left_31.png,right_images/camera_right_31.png
2025-05-07 15:24:51,1.5927839279174805,32,-0.10154099,0.038980037,0.11032191,0.23335283,-0.21535838,-0.1744321,5.481684e-06,0.03352462,-0.00022052159,0.009069756,0.6889770614398045,0.28646709370841167,0.66576813759148,-0.19811103432390637,0.9580285001900554,-0.20720379075370432,-0.6971819180736717,0.010862644514526426,0.7168119530708644,-0.0009207437,9.9358485e-06,0.103761636,0.0007111488,0.000117430856,-0.014011502,1.0424209,-0.046899073,-3.4719615e-06,0.0076121585,0.8732972366801628,0.0006793576683639151,-0.48718730985109865,-0.0007125099036451534,0.9999997392905584,0.0001172537956825159,0.4871872624940324,0.00024472836743934625,0.8732974930523946,left_images/camera_left_32.png,right_images/camera_right_32.png
2025-05-07 15:24:51,1.638549566268921,33,-0.108815596,0.049650818,0.110722624,0.34996924,-0.27073413,-0.2627736,9.829149e-06,0.03288877,-0.00022186176,0.009492602,0.6107958217449707,0.39781452694504893,0.684596279781283,-0.2779351216427075,0.9173237204410161,-0.28507763867709074,-0.7414044323419837,-0.016149119720266447,0.6708641245706326,-0.0009207437,9.935616e-06,0.103761636,0.0007111969,0.000117432646,-0.014011502,1.039789,-0.046899047,-3.455256e-06,0.0076121604,0.8732972509818483,0.000679806578290873,-0.48718728358872704,-0.0007129695816525634,0.9999997389514985,0.0001173512262396936,0.48718723618535237,0.0002448672104922301,0.8732975076903213,left_images/camera_left_33.png,right_images/camera_right_33.png
2025-05-07 15:24:52,1.6791987419128418,34,-0.116456404,0.055397086,0.11107716,0.4665566,-0.29603612,-0.3392917,1.259618e-05,0.032317795,-0.00019393023,0.009845832,0.5317029726154399,0.4907891365454532,0.6902303762953883,-0.3545622761644135,0.8691144395874183,-0.3448560326016612,-0.7691407811532391,-0.0613686756384422,0.6361260444419554,-0.0009207437,9.923506e-06,0.103761636,0.0007111966,0.000117513475,-0.014011502,1.0423253,-0.046899047,-3.455256e-06,0.0076121604,0.8732972509818483,0.000679806578290873,-0.48718728358872704,-0.0007129695816525634,0.9999997389514985,0.0001173512262396936,0.48718723618535237,0.0002448672104922301,0.8732975076903213,left_images/camera_left_34.png,right_images/camera_right_34.png
2025-05-07 15:24:52,1.7208304405212402,35,-0.12284635,0.057665035,0.1113381,0.58313566,-0.30090702,-0.40107387,1.2236916e-05,0.031926665,-0.0001317421,0.01007341,0.4541646834789893,0.5703238374295685,0.68444514808715,-0.4311644316105689,0.8129903295800838,-0.39133611758078496,-0.7796356028263233,-0.11737735926863396,0.6151348489044963,-0.0009207437,9.910532e-06,0.103761636,0.0007111973,0.00011759434,-0.014011502,1.039954,-0.046899047,-3.455256e-06,0.0076121604,0.8732972509818483,0.000679806578290873,-0.48718728358872704,-0.0007129695816525634,0.9999997389514985,0.0001173512262396936,0.48718723618535237,0.0002448672104922301,0.8732975076903213,left_images/camera_left_35.png,right_images/camera_right_35.png
2025-05-07 15:24:52,1.7760396003723145,36,-0.12758559,0.05781214,0.111518756,0.69972116,-0.2949622,-0.44750223,9.852119e-06,0.031744964,-3.9819162e-05,0.01015117,0.37926440599601263,0.6403368397509899,0.6679275724224949,-0.5074694201620393,0.7475571033499744,-0.42852440400915276,-0.7737139639071378,-0.17642876434615534,0.6084731655269553,-0.00092073804,9.906364e-06,0.103761636,0.0007112139,0.00011758219,-0.014011502,1.0426785,-0.046899047,-3.455256e-06,0.0076121604,0.8732972509818483,0.000679806578290873,-0.48718728358872704,-0.0007129695816525634,0.9999997389514985,0.0001173512262396936,0.48718723618535237,0.0002448672104922301,0.8732975076903213,left_images/camera_left_36.png,right_images/camera_right_36.png
2025-05-07 15:24:52,1.8290760517120361,37,-0.13141972,0.056592103,0.11167788,0.8163213,-0.28405398,-0.4791205,6.9760385e-06,0.03167584,6.75139e-05,0.010094081,0.30658667976086024,0.7024233351388036,0.6423441959305709,-0.5822383592663591,0.6722590669554771,-0.4572376186349603,-0.7529960828530451,-0.23381446736382944,0.6150834854386344,-0.00092073134,9.903589e-06,0.103761636,0.00071123114,0.000117570045,-0.014011502,1.0404577,-0.046899047,-3.455256e-06,0.0076121604,0.8732972509818483,0.000679806578290873,-0.48718728358872704,-0.0007129695816525634,0.9999997389514985,0.0001173512262396936,0.48718723618535237,0.0002448672104922301,0.8732975076903213,left_images/camera_left_37.png,right_images/camera_right_37.png
2025-05-07 15:24:52,1.8701932430267334,38,-0.13439582,0.054701302,0.11182563,0.932942,-0.27211955,-0.49963266,4.5357892e-06,0.03170989,0.00016260333,0.009923944,0.23449532754368985,0.7571408675448796,0.6097127586442365,-0.6527809015159174,0.5873987531757442,-0.4783720303107692,-0.720339528261669,-0.2858328383180779,0.6319893611151914,-0.0009207381,9.89589e-06,0.10376167,0.0007112478,0.00011756359,-0.0140115,1.0468295,-0.046899017,-3.4589814e-06,0.0076121306,0.8732972509818483,0.000679806578290873,-0.48718728358872704,-0.0007129695816525634,0.9999997389514985,0.0001173512262396936,0.48718723618535237,0.0002448672104922301,0.8732975076903213,left_images/camera_left_38.png,right_images/camera_right_38.png
2025-05-07 15:24:52,1.909830093383789,39,-0.13692464,0.052526772,0.11197497,1.0495267,-0.26133147,-0.51142484,2.210311e-06,0.03180508,0.00021992205,0.009672785,0.16203594984293623,0.8042778897266727,0.571735451983964,-0.7171266655683781,0.49397491976014707,-0.49164837453075727,-0.6778448911729563,-0.3303420269126627,0.6568108165719841,-0.0009207209,9.892308e-06,0.10376162,0.00071126583,0.00011755146,-0.014011528,1.0401491,-0.046899047,-3.4589814e-06,0.0076121604,0.8732972509818483,0.000679806578290873,-0.48718728358872704,-0.0007129695816525634,0.9999997389514985,0.0001173512262396936,0.48718723618535237,0.0002448672104922301,0.8732975076903213,left_images/camera_left_39.png,right_images/camera_right_39.png
2025-05-07 15:24:52,1.9514496326446533,40,-0.13940649,0.050316416,0.11214202,1.1473467,-0.25313067,-0.51769763,1.4199774e-06,0.031828426,0.00026403926,0.009440381,0.0987771094533203,0.8371958549692918,0.5379090843909248,-0.7644439876680705,0.40990579732719734,-0.49759685191497455,-0.6370780739957901,-0.36205018676944617,0.6804786476400443,-0.00092071755,9.880728e-06,0.10376162,0.00071126514,0.00011763228,-0.014011528,1.0423827,-0.046899047,-3.4626532e-06,0.0076121567,0.8732972228372298,0.0006799196871584873,-0.4871873338809224,-0.0007129711473388053,0.9999997389234371,0.0001175806157705682,0.4871872866331032,0.0002446676871940862,0.8732974796029116,left_images/camera_left_40.png,right_images/camera_right_40.png
2025-05-07 15:24:52,2.008557081222534,41,-0.14250964,0.0482542,0.11236221,1.217014,-0.24868324,-0.5194588,1.0867817e-06,0.031673156,0.00031787017,0.009271451,0.052496151981241856,0.8566800800300427,0.513169947002825,-0.7943070072540996,0.34727205691476565,-0.49847617466958594,-0.6052441922515226,-0.38144640379207617,0.6986974372215018,-0.00092071085,9.885528e-06,0.10376162,0.0007113158,0.0001175947,-0.014011528,1.0401294,-0.046899047,-3.4589814e-06,0.0076121604,0.8732972509818483,0.000679806578290873,-0.48718728358872704,-0.0007129695816525634,0.9999997389514985,0.0001173512262396936,0.48718723618535237,0.0002448672104922301,0.8732975076903213,left_images/camera_left_41.png,right_images/camera_right_41.png
2025-05-07 15:24:52,2.0553295612335205,42,-0.14558764,0.04652769,0.1125948,1.2672853,-0.2470744,-0.5196765,8.349517e-07,0.031455975,0.0003702552,0.0091383625,0.018721491730214646,0.8688610774365093,0.49470186361409985,-0.8135471098141502,0.300858428863927,-0.4976196397797944,-0.5811975618156346,-0.39314708939199505,0.7124919369664221,-0.0009207047,9.882652e-06,0.10376162,0.0007113327,0.000117582545,-0.014011528,1.0398431,-0.046899047,-3.4589814e-06,0.0076121604,0.8732972509818483,0.000679806578290873,-0.48718728358872704,-0.0007129695816525634,0.9999997389514985,0.0001173512262396936,0.48718723618535237,0.0002448672104922301,0.8732975076903213,left_images/camera_left_42.png,right_images/camera_right_42.png
2025-05-07 15:24:52,2.0965218544006348,43,-0.1488418,0.045140266,0.11283255,1.3030292,-0.24944063,-0.5185666,6.4822365e-07,0.03120834,0.00042226352,0.009032913,-0.0042731434614396435,0.8774037420355683,0.4797336904022274,-0.8260607866562009,0.2672687890459313,-0.49617635085809986,-0.5635648294507889,-0.3984094224085365,0.7236467474826374,-0.0009206981,9.879877e-06,0.10376162,0.00071135006,0.00011757038,-0.014011528,1.0394466,-0.046899047,-3.4589814e-06,0.0076121604,0.8732972509818483,0.000679806578290873,-0.48718728358872704,-0.0007129695816525634,0.9999997389514985,0.0001173512262396936,0.48718723618535237,0.0002448672104922301,0.8732975076903213,left_images/camera_left_43.png,right_images/camera_right_43.png
2025-05-07 15:24:52,2.1365201473236084,44,-0.15270925,0.044123102,0.11309,1.3274078,-0.25768518,-0.5164319,5.397709e-07,0.030928232,0.00047351187,0.008949811,-0.017534544602149316,0.8847547194718222,0.4657269866755979,-0.8339007350091392,0.24404978965729046,-0.4950245088068366,-0.5516358435569726,-0.3970501058312032,0.7335183089484663,-0.0009206915,9.877103e-06,0.10376162,0.0007113664,0.000117558215,-0.014011528,1.0398319,-0.046899047,-3.4589814e-06,0.0076121604,0.8732972509818483,0.000679806578290873,-0.48718728358872704,-0.0007129695816525634,0.9999997389514985,0.0001173512262396936,0.48718723618535237,0.0002448672104922301,0.8732975076903213,left_images/camera_left_44.png,right_images/camera_right_44.png
2025-05-07 15:24:52,2.1812992095947266,45,-0.15724629,0.043383278,0.11337414,1.3435825,-0.27167958,-0.514809,4.3637357e-07,0.030621188,0.00053662434,0.008886229,-0.023662687899389412,0.8920533599072501,0.45131018189219074,-0.8380532569234617,0.22843588193622377,-0.495463203885009,-0.5450750551633733,-0.38994595897663287,0.7421828166405092,-0.00092068495,9.874329e-06,0.10376162,0.0007113829,0.00011754605,-0.014011528,1.0401318,-0.046899047,-3.4589814e-06,0.0076121604,0.8732972509818483,0.000679806578290873,-0.48718728358872704,-0.0007129695816525634,0.9999997389514985,0.0001173512262396936,0.48718723618535237,0.0002448672104922301,0.8732975076903213,left_images/camera_left_45.png,right_images/camera_right_45.png
2025-05-07 15:24:52,2.2265899181365967,46,-0.1624185,0.042740595,0.113698184,1.3538432,-0.288378,-0.513097,3.1473803e-07,0.030247042,0.00060976483,0.008841658,-0.025131070786514387,0.8987617720615697,0.43771646800396985,-0.8401127649424691,0.2183299932590873,-0.49653051892527883,-0.5418292825806326,-0.3802095358144428,0.7495743708358251,-0.0009206839,9.862748e-06,0.10376162,0.0007113833,0.00011762688,-0.014011528,1.0398773,-0.046899047,-3.4626532e-06,0.0076121567,0.8732972228372298,0.0006799196871584873,-0.4871873338809224,-0.0007129711473388053,0.9999997389234371,0.0001175806157705682,0.4871872866331032,0.0002446676871940862,0.8732974796029116,left_images/camera_left_46.png,right_images/camera_right_46.png
2025-05-07 15:24:52,2.27862548828125,47,-0.16919191,0.041999456,0.11413386,1.3602054,-0.30831984,-0.5113122,2.0992317e-07,0.0296898,0.00071114954,0.008821465,-0.02358516982448411,0.9052134723585612,0.4243021437901374,-0.8406483163943446,0.21174641215685946,-0.49847152885801954,-0.5410676001274741,-0.3684454184804768,0.7559721064252584,-0.0009206772,9.867547e-06,0.10376162,0.0007114332,0.000117589305,-0.014011528,1.0396545,-0.046899047,-3.4589814e-06,0.0076121604,0.8732972509818483,0.000679806578290873,-0.48718728358872704,-0.0007129695816525634,0.9999997389514985,0.0001173512262396936,0.48718723618535237,0.0002448672104922301,0.8732975076903213,left_images/camera_left_47.png,right_images/camera_right_47.png
2025-05-07 15:24:52,2.332756519317627,48,-0.1762614,0.041105594,0.11462443,1.3667426,-0.32553592,-0.51059335,1.1825482e-07,0.029028684,0.000821566,0.008811681,-0.0240124648415454,0.9103907998813274,0.4130520463860102,-0.8410156251977574,0.20497838782899258,-0.5006761215558942,-0.5404776773424218,-0.3594056927964056,0.7607308514054606,-0.00092067104,9.864672e-06,0.10376162,0.0007114496,0.00011757715,-0.014011528,1.0400519,-0.046899047,-3.4589814e-06,0.0076121604,0.8732972509818483,0.000679806578290873,-0.48718728358872704,-0.0007129695816525634,0.9999997389514985,0.0001173512262396936,0.48718723618535237,0.0002448672104922301,0.8732975076903213,left_images/camera_left_48.png,right_images/camera_right_48.png
2025-05-07 15:24:52,2.387425661087036,49,-0.1840986,0.04001347,0.11519346,1.3748792,-0.33966997,-0.51073647,1.5262468e-07,0.028204307,0.0009374772,0.008824212,-0.027629649928531175,0.9143159032919884,0.40405820302548273,-0.8417691608457131,0.1967251607488016,-0.5027165115425017,-0.5391301162928397,-0.3540136157207991,0.7642074833383637,-0.0009206645,9.861898e-06,0.10376162,0.0007114666,0.00011756498,-0.014011528,1.041793,-0.046899047,-3.4589814e-06,0.0076121604,0.8732972509818483,0.000679806578290873,-0.48718728358872704,-0.0007129695816525634,0.9999997389514985,0.0001173512262396936,0.48718723618535237,0.0002448672104922301,0.8732975076903213,left_images/camera_left_49.png,right_images/camera_right_49.png
2025-05-07 15:24:52,2.4396603107452393,50,-0.19202398,0.03892881,0.11579298,1.3816801,-0.35182825,-0.51046187,9.869184e-08,0.027312286,0.0010452613,0.008844931,-0.031131484015308408,0.9171750934844292,0.3972665082722593,-0.8425351584347722,0.18975345109421915,-0.504111232367547,-0.5377409576220671,-0.35040473126038446,0.7668449561717414,-0.0009206579,9.8591245e-06,0.10376162,0.00071148376,0.00011755283,-0.014011528,1.0403988,-0.046899047,-3.4589814e-06,0.0076121604,0.8732972509818483,0.000679806578290873,-0.48718728358872704,-0.0007129695816525634,0.9999997389514985,0.0001173512262396936,0.48718723618535237,0.0002448672104922301,0.8732975076903213,left_images/camera_left_50.png,right_images/camera_right_50.png
2025-05-07 15:24:52,2.4812874794006348,51,-0.20094655,0.037772294,0.11647365,1.3874544,-0.36313462,-0.5105049,3.233683e-07,0.026255192,0.0011615737,0.008899876,-0.03504929440167831,0.9191644156110317,0.39231151402472886,-0.8428909622717553,0.1837194666137082,-0.5057489330762535,-0.5369416846199768,-0.34840197281531726,0.768316141087675,-0.00092065684,9.847544e-06,0.10376162,0.0007114841,0.00011763367,-0.014011528,1.0398607,-0.046899047,-3.4626532e-06,0.0076121567,0.8732972228372298,0.0006799196871584873,-0.4871873338809224,-0.0007129711473388053,0.9999997389234371,0.0001175806157705682,0.4871872866331032,0.0002446676871940862,0.8732974796029116,left_images/camera_left_51.png,right_images/camera_right_51.png
2025-05-07 15:24:52,2.5231525897979736,52,-0.20938209,0.0367291,0.11716663,1.3923769,-0.37237835,-0.51011443,2.3911122e-07,0.02519365,0.001258098,0.008935891,-0.03884961791442787,0.9204001410362533,0.3890427837248084,-0.843449943031881,0.17855967700323855,-0.5066642234735111,-0.535801176545386,-0.3478218252625102,0.7693744712970636,-0.00092065014,9.852343e-06,0.10376162,0.0007115339,0.000117596086,-0.014011528,1.0400311,-0.046899047,-3.4626532e-06,0.0076121567,0.8732972228372298,0.0006799196871584873,-0.4871873338809224,-0.0007129711473388053,0.9999997389234371,0.0001175806157705682,0.4871872866331032,0.0002446676871940862,0.8732974796029116,left_images/camera_left_52.png,right_images/camera_right_52.png
2025-05-07 15:24:52,2.5684525966644287,53,-0.21715719,0.03576474,0.117830455,1.3975655,-0.37952545,-0.5099577,1.3936271e-07,0.024176136,0.0013401664,0.008968902,-0.04342154040772128,0.9211109481709088,0.3868710262972788,-0.8442134399317576,0.17324553298757273,-0.5072372749891714,-0.534245484461225,-0.34862674375260005,0.7700916542030888,-0.0009206478,9.849625e-06,0.10376162,0.0007115672,0.0001176515,-0.01401152,1.0397677,-0.04689906,-3.4832688e-06,0.0076121585,0.8732972225537476,0.0006803067079784953,-0.48718733384879037,-0.0007133989373317358,0.9999997386151007,0.00011760818812620948,0.4871872865150176,0.0002448520222090113,0.8732974796171239,left_images/camera_left_53.png,right_images/camera_right_53.png
