Epoch Time (Seconds),Time (Seconds),Frame Number,PSM1_joint_1,PSM1_joint_2,PSM1_joint_3,PSM1_joint_4,PSM1_joint_5,PSM1_joint_6,PSM1_jaw_angle,PSM1_ee_x,PSM1_ee_y,PSM1_ee_z,"PSM1_Orientation_Matrix_[1,1]","PSM1_Orientation_Matrix_[1,2]","PSM1_Orientation_Matrix_[1,3]","PSM1_Orientation_Matrix_[2,1]","PSM1_Orientation_Matrix_[2,2]","PSM1_Orientation_Matrix_[2,3]","PSM1_Orientation_Matrix_[3,1]","PSM1_Orientation_Matrix_[3,2]","PSM1_Orientation_Matrix_[3,3]",PSM2_joint_1,PSM2_joint_2,PSM2_joint_3,PSM2_joint_4,PSM2_joint_5,PSM2_joint_6,PSM2_jaw_angle,PSM2_ee_x,PSM2_ee_y,PSM2_ee_z,"PSM2_Orientation_Matrix_[1,1]","PSM2_Orientation_Matrix_[1,2]","PSM2_Orientation_Matrix_[1,3]","PSM2_Orientation_Matrix_[2,1]","PSM2_Orientation_Matrix_[2,2]","PSM2_Orientation_Matrix_[2,3]","PSM2_Orientation_Matrix_[3,1]","PSM2_Orientation_Matrix_[3,2]","PSM2_Orientation_Matrix_[3,3]",PSM3_joint_1,PSM3_joint_2,PSM3_joint_3,PSM3_joint_4,PSM3_joint_5,PSM3_joint_6,PSM3_jaw_angle,PSM3_ee_x,PSM3_ee_y,PSM3_ee_z,"PSM3_Orientation_Matrix_[1,1]","PSM3_Orientation_Matrix_[1,2]","PSM3_Orientation_Matrix_[1,3]","PSM3_Orientation_Matrix_[2,1]","PSM3_Orientation_Matrix_[2,2]","PSM3_Orientation_Matrix_[2,3]","PSM3_Orientation_Matrix_[3,1]","PSM3_Orientation_Matrix_[3,2]","PSM3_Orientation_Matrix_[3,3]",Camera Left,Camera Right
2025-05-30 16:54:36,0.0017681121826171875,1,-0.034323033,-0.00027721803,0.11403818,-0.0006745441,0.00029360366,-0.027664822,1.0471791,0.057907023,2.667551e-05,0.0020310115,0.8332780246663876,-0.000580602858306956,0.5528538654187055,0.0006736605277232435,0.9999997724841367,3.483056478057023e-05,-0.5528537598584066,0.000343412282513432,0.8332782262116464,0.07067476,0.0005315524,0.11086674,0.0007740631,1.4227275e-05,-0.015308899,1.0471791,-0.05645691,-6.065424e-05,0.006754845,0.8369198079578531,0.0009464616778901352,-0.5473247109879862,-0.0007819896378925775,0.9999995519339977,0.0005335016497165924,0.5473249706892576,-1.8495845670853323e-05,0.8369201730857653,0.0026657255,0.019344743,0.09063903,-0.00016294567,-0.012031062,-0.006226944,0.5235896,0.00019111253,-0.011352362,0.0023486614,0.9999936400418761,-0.00014323904631166856,0.0035636159128948305,0.0010357560162236078,0.9677929595718953,-0.2517453368238365,-0.0034127826291579333,0.25174742677065765,0.9677869528099037,left_images/camera_left_1.png,right_images/camera_right_1.png
2025-05-30 16:54:36,0.05319786071777344,2,-0.034323033,-0.00027722193,0.11403818,-0.00067451625,0.00029356062,-0.027664822,1.0471791,0.057907023,2.667551e-05,0.0020310115,0.8332780246663876,-0.000580602858306956,0.5528538654187055,0.0006736605277232435,0.9999997724841367,3.483056478057023e-05,-0.5528537598584066,0.000343412282513432,0.8332782262116464,0.07067476,0.0005315559,0.11086674,0.0007740666,1.4213139e-05,-0.015308955,1.0471791,-0.05645691,-6.065424e-05,0.006754845,0.8369198079578531,0.0009464616778901352,-0.5473247109879862,-0.0007819896378925775,0.9999995519339977,0.0005335016497165924,0.5473249706892576,-1.8495845670853323e-05,0.8369201730857653,0.0026657255,0.019344743,0.09063903,-0.00016294567,-0.012031062,-0.006226944,0.5235896,0.00019111253,-0.011352362,0.0023486614,0.9999936400418761,-0.00014323904631166856,0.0035636159128948305,0.0010357560162236078,0.9677929595718953,-0.2517453368238365,-0.0034127826291579333,0.25174742677065765,0.9677869528099037,left_images/camera_left_2.png,right_images/camera_right_2.png
2025-05-30 16:54:37,0.11250019073486328,3,-0.034323033,-0.00027722836,0.11403818,-0.0006745056,0.0002936041,-0.027664822,1.0471791,0.057907023,2.667551e-05,0.0020310115,0.8332780246663876,-0.000580602858306956,0.5528538654187055,0.0006736605277232435,0.9999997724841367,3.483056478057023e-05,-0.5528537598584066,0.000343412282513432,0.8332782262116464,0.07067476,0.0005315594,0.11086674,0.0007740701,1.4199004e-05,-0.015309011,1.0471791,-0.05645691,-6.065424e-05,0.006754845,0.8369198079578531,0.0009464616778901352,-0.5473247109879862,-0.0007819896378925775,0.9999995519339977,0.0005335016497165924,0.5473249706892576,-1.8495845670853323e-05,0.8369201730857653,0.0026657255,0.019344743,0.09063903,-0.00016294567,-0.012031062,-0.006226944,0.5235896,0.00019111253,-0.011352362,0.0023486614,0.9999936400418761,-0.00014323904631166856,0.0035636159128948305,0.0010357560162236078,0.9677929595718953,-0.2517453368238365,-0.0034127826291579333,0.25174742677065765,0.9677869528099037,left_images/camera_left_3.png,right_images/camera_right_3.png
2025-05-30 16:54:37,0.17838120460510254,4,-0.034323033,-0.00027723226,0.11403818,-0.0006744778,0.00029356105,-0.027664822,1.0471791,0.057907023,2.669249e-05,0.0020310427,0.8332780058761996,-0.000580244588957221,0.5528538941159783,0.0006732554898309048,0.9999997727582193,3.479303536545574e-05,-0.5528537886729453,0.000343219648160269,0.8332782071734767,0.07067476,0.0005315629,0.11086674,0.0007740736,1.4184869e-05,-0.0153090665,1.0471791,-0.05645691,-6.065424e-05,0.006754845,0.8369198079578531,0.0009464616778901352,-0.5473247109879862,-0.0007819896378925775,0.9999995519339977,0.0005335016497165924,0.5473249706892576,-1.8495845670853323e-05,0.8369201730857653,0.0026657255,0.019344743,0.09063903,-0.00016294567,-0.012031062,-0.006226944,0.5235896,0.00019111253,-0.011352362,0.0023486614,0.9999936400418761,-0.00014323904631166856,0.0035636159128948305,0.0010357560162236078,0.9677929595718953,-0.2517453368238365,-0.0034127826291579333,0.25174742677065765,0.9677869528099037,left_images/camera_left_4.png,right_images/camera_right_4.png
2025-05-30 16:54:37,0.25135326385498047,5,-0.034323033,-0.00027723226,0.11403818,-0.00067446544,0.00029356597,-0.027664822,1.0471791,0.057907023,2.669249e-05,0.0020310427,0.8332780058761996,-0.000580244588957221,0.5528538941159783,0.0006732554898309048,0.9999997727582193,3.479303536545574e-05,-0.5528537886729453,0.000343219648160269,0.8332782071734767,0.07067476,0.0005315664,0.11086674,0.0007740771,1.4170733e-05,-0.015309122,1.0471791,-0.056456912,-6.065454e-05,0.006754843,0.8369200893460789,0.0009464876271172138,-0.5473242806692601,-0.0007819572593200403,0.999999551907595,0.0005335985885940183,0.5473245404618688,-1.8595183969600236e-05,0.8369204544414142,0.0026657255,0.019344743,0.09063903,-0.00016294567,-0.012031062,-0.006226944,0.5235896,0.00019111253,-0.011352362,0.0023486614,0.9999936400418761,-0.00014323904631166856,0.0035636159128948305,0.0010357560162236078,0.9677929595718953,-0.2517453368238365,-0.0034127826291579333,0.25174742677065765,0.9677869528099037,left_images/camera_left_5.png,right_images/camera_right_5.png
2025-05-30 16:54:37,0.3045189380645752,6,-0.034323033,-0.00027723226,0.11403818,-0.0006744531,0.00029357092,-0.027664822,1.0471791,0.057907023,2.669249e-05,0.0020310427,0.8332780058761996,-0.000580244588957221,0.5528538941159783,0.0006732554898309048,0.9999997727582193,3.479303536545574e-05,-0.5528537886729453,0.000343219648160269,0.8332782071734767,0.07067476,0.0005315699,0.11086674,0.0007740596,1.415504e-05,-0.015309128,1.0471791,-0.056456912,-6.065454e-05,0.006754843,0.8369200893460789,0.0009464876271172138,-0.5473242806692601,-0.0007819572593200403,0.999999551907595,0.0005335985885940183,0.5473245404618688,-1.8595183969600236e-05,0.8369204544414142,0.0026657255,0.019344743,0.09063903,-0.00016294567,-0.012031062,-0.006226944,0.5235896,0.00019111253,-0.011352362,0.0023486614,0.9999936400418761,-0.00014323904631166856,0.0035636159128948305,0.0010357560162236078,0.9677929595718953,-0.2517453368238365,-0.0034127826291579333,0.25174742677065765,0.9677869528099037,left_images/camera_left_6.png,right_images/camera_right_6.png
2025-05-30 16:54:37,0.37038469314575195,7,-0.034323033,-0.00027723226,0.11403818,-0.00067444076,0.00029357587,-0.027664822,1.0471791,0.057907023,2.669249e-05,0.0020310427,0.8332780058761996,-0.000580244588957221,0.5528538941159783,0.0006732554898309048,0.9999997727582193,3.479303536545574e-05,-0.5528537886729453,0.000343219648160269,0.8332782071734767,0.07067476,0.0005315734,0.11086674,0.00077404216,1.4139346e-05,-0.015309134,1.0471791,-0.056456912,-6.065454e-05,0.006754843,0.8369200893460789,0.0009464876271172138,-0.5473242806692601,-0.0007819572593200403,0.999999551907595,0.0005335985885940183,0.5473245404618688,-1.8595183969600236e-05,0.8369204544414142,0.0026657255,0.019344743,0.09063903,-0.00016294567,-0.012031062,-0.006226944,0.5235896,0.00019111253,-0.011352362,0.0023486614,0.9999936400418761,-0.00014323904631166856,0.0035636159128948305,0.0010357560162236078,0.9677929595718953,-0.2517453368238365,-0.0034127826291579333,0.25174742677065765,0.9677869528099037,left_images/camera_left_7.png,right_images/camera_right_7.png
2025-05-30 16:54:37,0.43081164360046387,8,-0.034323033,-0.00027723226,0.11403818,-0.0006744284,0.00029358082,-0.027664822,1.0471791,0.057907023,2.669249e-05,0.0020310427,0.8332780058761996,-0.000580244588957221,0.5528538941159783,0.0006732554898309048,0.9999997727582193,3.479303536545574e-05,-0.5528537886729453,0.000343219648160269,0.8332782071734767,0.07067476,0.00053157686,0.11086674,0.0007740247,1.4123651e-05,-0.015309139,1.0471791,-0.056456912,-6.065454e-05,0.006754843,0.8369200893460789,0.0009464876271172138,-0.5473242806692601,-0.0007819572593200403,0.999999551907595,0.0005335985885940183,0.5473245404618688,-1.8595183969600236e-05,0.8369204544414142,0.0026657255,0.019344743,0.09063903,-0.00016294567,-0.012031062,-0.006226944,0.5235896,0.00019111253,-0.011352362,0.0023486614,0.9999936400418761,-0.00014323904631166856,0.0035636159128948305,0.0010357560162236078,0.9677929595718953,-0.2517453368238365,-0.0034127826291579333,0.25174742677065765,0.9677869528099037,left_images/camera_left_8.png,right_images/camera_right_8.png
2025-05-30 16:54:37,0.5056760311126709,9,-0.034323033,-0.00027723226,0.11403818,-0.0006744161,0.00029358576,-0.027664822,1.0471791,0.057907023,2.669249e-05,0.0020310427,0.8332780058761996,-0.000580244588957221,0.5528538941159783,0.0006732554898309048,0.9999997727582193,3.479303536545574e-05,-0.5528537886729453,0.000343219648160269,0.8332782071734767,0.07067476,0.00053158036,0.11086674,0.00077400723,1.4107957e-05,-0.015309145,1.0471791,-0.056456912,-6.065454e-05,0.006754843,0.8369200893460789,0.0009464876271172138,-0.5473242806692601,-0.0007819572593200403,0.999999551907595,0.0005335985885940183,0.5473245404618688,-1.8595183969600236e-05,0.8369204544414142,0.0026657255,0.019344743,0.09063903,-0.00016294567,-0.012031062,-0.006226944,0.5235896,0.00019111253,-0.011352362,0.0023486614,0.9999936400418761,-0.00014323904631166856,0.0035636159128948305,0.0010357560162236078,0.9677929595718953,-0.2517453368238365,-0.0034127826291579333,0.25174742677065765,0.9677869528099037,left_images/camera_left_9.png,right_images/camera_right_9.png
2025-05-30 16:54:37,0.5752575397491455,10,-0.034323033,-0.00027723226,0.11403818,-0.00067440374,0.0002935907,-0.027664822,1.0471791,0.057907023,2.669249e-05,0.0020310427,0.8332780058761996,-0.000580244588957221,0.5528538941159783,0.0006732554898309048,0.9999997727582193,3.479303536545574e-05,-0.5528537886729453,0.000343219648160269,0.8332782071734767,0.07067476,0.00053158385,0.11086674,0.00077398977,1.4092263e-05,-0.01530915,1.0471791,-0.056456912,-6.065454e-05,0.006754843,0.8369200893460789,0.0009464876271172138,-0.5473242806692601,-0.0007819572593200403,0.999999551907595,0.0005335985885940183,0.5473245404618688,-1.8595183969600236e-05,0.8369204544414142,0.0026657255,0.019344743,0.09063903,-0.00016294567,-0.012031062,-0.006226944,0.5235896,0.00019111253,-0.011352362,0.0023486614,0.9999936400418761,-0.00014323904631166856,0.0035636159128948305,0.0010357560162236078,0.9677929595718953,-0.2517453368238365,-0.0034127826291579333,0.25174742677065765,0.9677869528099037,left_images/camera_left_10.png,right_images/camera_right_10.png
2025-05-30 16:54:37,0.642087459564209,11,-0.034323033,-0.00027723226,0.11403818,-0.0006743914,0.00029359566,-0.027664822,1.0471791,0.057907023,2.669249e-05,0.0020310427,0.8332780058761996,-0.000580244588957221,0.5528538941159783,0.0006732554898309048,0.9999997727582193,3.479303536545574e-05,-0.5528537886729453,0.000343219648160269,0.8332782071734767,0.07067476,0.00053158734,0.11086674,0.0007739723,1.4076569e-05,-0.015309156,1.0471791,-0.056456912,-6.065454e-05,0.006754843,0.8369200893460789,0.0009464876271172138,-0.5473242806692601,-0.0007819572593200403,0.999999551907595,0.0005335985885940183,0.5473245404618688,-1.8595183969600236e-05,0.8369204544414142,0.0026657255,0.019344743,0.09063903,-0.00016294567,-0.012031062,-0.006226944,0.5235896,0.00019111253,-0.011352362,0.0023486614,0.9999936400418761,-0.00014323904631166856,0.0035636159128948305,0.0010357560162236078,0.9677929595718953,-0.2517453368238365,-0.0034127826291579333,0.25174742677065765,0.9677869528099037,left_images/camera_left_11.png,right_images/camera_right_11.png
2025-05-30 16:54:37,0.6970574855804443,12,-0.034323033,-0.00027723226,0.11403818,-0.00067437906,0.0002936006,-0.027664822,1.0471791,0.057907023,2.669249e-05,0.0020310427,0.8332780058761996,-0.000580244588957221,0.5528538941159783,0.0006732554898309048,0.9999997727582193,3.479303536545574e-05,-0.5528537886729453,0.000343219648160269,0.8332782071734767,0.07067476,0.00053159083,0.11086674,0.00077395485,1.40608745e-05,-0.0153091615,1.0471791,-0.056456912,-6.065454e-05,0.006754843,0.8369200893460789,0.0009464876271172138,-0.5473242806692601,-0.0007819572593200403,0.999999551907595,0.0005335985885940183,0.5473245404618688,-1.8595183969600236e-05,0.8369204544414142,0.0026657255,0.019344743,0.09063903,-0.00016294567,-0.012031062,-0.006226944,0.5235896,0.00019111253,-0.011352362,0.0023486614,0.9999936400418761,-0.00014323904631166856,0.0035636159128948305,0.0010357560162236078,0.9677929595718953,-0.2517453368238365,-0.0034127826291579333,0.25174742677065765,0.9677869528099037,left_images/camera_left_12.png,right_images/camera_right_12.png
2025-05-30 16:54:37,0.7662639617919922,13,-0.034323033,-0.00027723226,0.11403818,-0.0006743667,0.00029360555,-0.027664822,1.0471791,0.057907023,2.669249e-05,0.0020310427,0.8332780058761996,-0.000580244588957221,0.5528538941159783,0.0006732554898309048,0.9999997727582193,3.479303536545574e-05,-0.5528537886729453,0.000343219648160269,0.8332782071734767,0.07067476,0.0005315943,0.11086674,0.0007739374,1.404518e-05,-0.015309167,1.0471791,-0.056456912,-6.065454e-05,0.006754843,0.8369200893460789,0.0009464876271172138,-0.5473242806692601,-0.0007819572593200403,0.999999551907595,0.0005335985885940183,0.5473245404618688,-1.8595183969600236e-05,0.8369204544414142,0.0026657255,0.019344743,0.09063903,-0.00016294567,-0.012031062,-0.006226944,0.5235896,0.00019111253,-0.011352362,0.0023486614,0.9999936400418761,-0.00014323904631166856,0.0035636159128948305,0.0010357560162236078,0.9677929595718953,-0.2517453368238365,-0.0034127826291579333,0.25174742677065765,0.9677869528099037,left_images/camera_left_13.png,right_images/camera_right_13.png
2025-05-30 16:54:37,0.8150365352630615,14,-0.034323033,-0.00027723226,0.11403818,-0.0006743544,0.0002936105,-0.027664822,1.0471791,0.057907023,2.669249e-05,0.0020310427,0.8332780058761996,-0.000580244588957221,0.5528538941159783,0.0006732554898309048,0.9999997727582193,3.479303536545574e-05,-0.5528537886729453,0.000343219648160269,0.8332782071734767,0.07067476,0.0005315978,0.11086674,0.0007739199,1.4029486e-05,-0.015309173,1.0471791,-0.056456912,-6.065454e-05,0.006754843,0.8369200893460789,0.0009464876271172138,-0.5473242806692601,-0.0007819572593200403,0.999999551907595,0.0005335985885940183,0.5473245404618688,-1.8595183969600236e-05,0.8369204544414142,0.0026657255,0.019344743,0.09063903,-0.00016294567,-0.012031062,-0.006226944,0.5235896,0.00019111253,-0.011352362,0.0023486614,0.9999936400418761,-0.00014323904631166856,0.0035636159128948305,0.0010357560162236078,0.9677929595718953,-0.2517453368238365,-0.0034127826291579333,0.25174742677065765,0.9677869528099037,left_images/camera_left_14.png,right_images/camera_right_14.png
2025-05-30 16:54:37,0.8703885078430176,15,-0.034323033,-0.00027723226,0.11403818,-0.00067434204,0.00029361545,-0.027664822,1.0471791,0.057907023,2.6683665e-05,0.0020310413,0.8332779932017769,-0.0005805964960360193,0.5528539128497955,0.0006733761873562069,0.999999772661031,3.524765859631553e-05,-0.5528538076292236,0.00034290756177955656,0.8332781947250715,0.07067476,0.0005316013,0.11086674,0.00077390246,1.4013792e-05,-0.015309178,1.0471791,-0.056456912,-6.065454e-05,0.006754843,0.8369200893460789,0.0009464876271172138,-0.5473242806692601,-0.0007819572593200403,0.999999551907595,0.0005335985885940183,0.5473245404618688,-1.8595183969600236e-05,0.8369204544414142,0.0026657255,0.019344743,0.09063903,-0.00016294567,-0.012031062,-0.006226944,0.5235896,0.00019111253,-0.011352362,0.0023486614,0.9999936400418761,-0.00014323904631166856,0.0035636159128948305,0.0010357560162236078,0.9677929595718953,-0.2517453368238365,-0.0034127826291579333,0.25174742677065765,0.9677869528099037,left_images/camera_left_15.png,right_images/camera_right_15.png
2025-05-30 16:54:37,0.9402518272399902,16,-0.034323033,-0.00027722464,0.11403818,-0.0006743865,0.00029362956,-0.027664822,1.0471791,0.057907023,2.6683665e-05,0.0020310413,0.8332779932017769,-0.0005805964960360193,0.5528539128497955,0.0006733761873562069,0.999999772661031,3.524765859631553e-05,-0.5528538076292236,0.00034290756177955656,0.8332781947250715,0.07067476,0.0005316048,0.11086674,0.000773885,1.39980975e-05,-0.015309184,1.0471791,-0.056456912,-6.065454e-05,0.006754843,0.8369200893460789,0.0009464876271172138,-0.5473242806692601,-0.0007819572593200403,0.999999551907595,0.0005335985885940183,0.5473245404618688,-1.8595183969600236e-05,0.8369204544414142,0.0026657255,0.019344743,0.09063903,-0.00016294567,-0.012031062,-0.006226944,0.5235896,0.00019111253,-0.011352362,0.0023486614,0.9999936400418761,-0.00014323904631166856,0.0035636159128948305,0.0010357560162236078,0.9677929595718953,-0.2517453368238365,-0.0034127826291579333,0.25174742677065765,0.9677869528099037,left_images/camera_left_16.png,right_images/camera_right_16.png
2025-05-30 16:54:37,0.997058629989624,17,-0.034323033,-0.00027721614,0.11403818,-0.000674431,0.00029364368,-0.027664822,1.0471791,0.057907023,2.6683665e-05,0.0020310413,0.8332779932017769,-0.0005805964960360193,0.5528539128497955,0.0006733761873562069,0.999999772661031,3.524765859631553e-05,-0.5528538076292236,0.00034290756177955656,0.8332781947250715,0.07067476,0.0005316083,0.110866636,0.00077387976,1.3982627e-05,-0.015309215,1.0205142,-0.056456972,-6.065454e-05,0.0067549027,0.8369200893460789,0.0009464876271172138,-0.5473242806692601,-0.0007819572593200403,0.999999551907595,0.0005335985885940183,0.5473245404618688,-1.8595183969600236e-05,0.8369204544414142,0.0026657255,0.019344743,0.09063897,-0.00016293119,-0.012031062,-0.0062269443,0.4969216,0.00019111393,-0.011352377,0.002348721,0.9999936400418761,-0.00014323904631166856,0.0035636159128948305,0.0010357560162236078,0.9677929595718953,-0.2517453368238365,-0.0034127826291579333,0.25174742677065765,0.9677869528099037,left_images/camera_left_17.png,right_images/camera_right_17.png
2025-05-30 16:54:37,1.046252727508545,18,-0.034323033,-0.0002772105,0.11403818,-0.0006744579,0.00029361097,-0.027664822,1.0471791,0.057907023,2.669249e-05,0.0020310427,0.8332780058761996,-0.000580244588957221,0.5528538941159783,0.0006732554898309048,0.9999997727582193,3.479303536545574e-05,-0.5528537886729453,0.000343219648160269,0.8332782071734767,0.07067476,0.0005316118,0.110866636,0.0007738623,1.3966936e-05,-0.0153092705,0.99384874,-0.056456972,-6.065454e-05,0.0067549027,0.8369200893460789,0.0009464876271172138,-0.5473242806692601,-0.0007819572593200403,0.999999551907595,0.0005335985885940183,0.5473245404618688,-1.8595183969600236e-05,0.8369204544414142,0.0026657255,0.019344743,0.09063897,-0.00016293116,-0.012031062,-0.0062269443,0.47025508,0.00019111393,-0.011352377,0.002348721,0.9999936400418761,-0.00014323904631166856,0.0035636159128948305,0.0010357560162236078,0.9677929595718953,-0.2517453368238365,-0.0034127826291579333,0.25174742677065765,0.9677869528099037,left_images/camera_left_18.png,right_images/camera_right_18.png
2025-05-30 16:54:38,1.1033976078033447,19,-0.034323033,-0.00027721343,0.11403807,-0.00067441625,0.00029356906,-0.02766482,1.0205142,0.057907082,2.669249e-05,0.002031132,0.8332780058761996,-0.000580244588957221,0.5528538941159783,0.0006732554898309048,0.9999997727582193,3.479303536545574e-05,-0.5528537886729453,0.000343219648160269,0.8332782071734767,0.07067476,0.0005316153,0.110866636,0.00077384483,1.3951246e-05,-0.015309326,0.96718043,-0.056456972,-6.065454e-05,0.0067549027,0.8369200893460789,0.0009464876271172138,-0.5473242806692601,-0.0007819572593200403,0.999999551907595,0.0005335985885940183,0.5473245404618688,-1.8595183969600236e-05,0.8369204544414142,0.0026657255,0.019344743,0.09063897,-0.00016293113,-0.012031062,-0.0062269443,0.44358855,0.00019111393,-0.011352377,0.002348721,0.9999936400418761,-0.00014323904631166856,0.0035636159128948305,0.0010357560162236078,0.9677929595718953,-0.2517453368238365,-0.0034127826291579333,0.25174742677065765,0.9677869528099037,left_images/camera_left_19.png,right_images/camera_right_19.png
2025-05-30 16:54:38,1.1560659408569336,20,-0.034323033,-0.0002772142,0.11403807,-0.0006744039,0.00029357398,-0.02766482,0.99384874,0.057907082,2.669249e-05,0.002031132,0.8332780058761996,-0.000580244588957221,0.5528538941159783,0.0006732554898309048,0.9999997727582193,3.479303536545574e-05,-0.5528537886729453,0.000343219648160269,0.8332782071734767,0.07067476,0.0005316188,0.110866636,0.00077382737,1.3935554e-05,-0.015309382,0.9405121,-0.056456972,-6.065454e-05,0.0067549027,0.8369200893460789,0.0009464876271172138,-0.5473242806692601,-0.0007819572593200403,0.999999551907595,0.0005335985885940183,0.5473245404618688,-1.8595183969600236e-05,0.8369204544414142,0.0026657255,0.019344743,0.09063897,-0.0001629311,-0.012031062,-0.0062269443,0.41692203,0.00019111393,-0.011352377,0.002348721,0.9999936400418761,-0.00014323904631166856,0.0035636159128948305,0.0010357560162236078,0.9677929595718953,-0.2517453368238365,-0.0034127826291579333,0.25174742677065765,0.9677869528099037,left_images/camera_left_20.png,right_images/camera_right_20.png
2025-05-30 16:54:38,1.2140836715698242,21,-0.034323033,-0.0002772142,0.11403807,-0.0006743916,0.00029357892,-0.02766482,0.96718043,0.057907082,2.669249e-05,0.002031132,0.8332780058761996,-0.000580244588957221,0.5528538941159783,0.0006732554898309048,0.9999997727582193,3.479303536545574e-05,-0.5528537886729453,0.000343219648160269,0.8332782071734767,0.07067476,0.00053162227,0.110866636,0.0007738099,1.3919864e-05,-0.015309438,0.9138438,-0.056456972,-6.065454e-05,0.0067549027,0.8369200893460789,0.0009464876271172138,-0.5473242806692601,-0.0007819572593200403,0.999999551907595,0.0005335985885940183,0.5473245404618688,-1.8595183969600236e-05,0.8369204544414142,0.001196521,0.022910574,0.09064214,-0.012954864,-0.032815635,0.012344056,0.3902558,0.00021873924,-0.0113042565,0.00236517,0.999830031131411,-0.012959167756616171,-0.01311368822329785,0.00896323926013068,0.9632376234798576,-0.26850128687744096,0.0161111510987773,0.2683381088923675,0.963190059192027,left_images/camera_left_21.png,right_images/camera_right_21.png
2025-05-30 16:54:38,1.2683727741241455,22,-0.034323033,-0.0002772142,0.11403807,-0.00067437923,0.00029358387,-0.02766482,0.9405121,0.057907082,2.669249e-05,0.002031132,0.8332780058761996,-0.000580244588957221,0.5528538941159783,0.0006732554898309048,0.9999997727582193,3.479303536545574e-05,-0.5528537886729453,0.000343219648160269,0.8332782071734767,0.07067476,0.00053162576,0.110866636,0.00077379245,1.3904173e-05,-0.015309494,0.8871755,-0.056456976,-6.065368e-05,0.0067549003,0.8369202955473061,0.0009464717073208201,-0.547323965391903,-0.000782009525331088,0.9999995519248771,0.0005334895941573009,0.5473242250824569,-1.847571443508965e-05,0.8369206606940325,4.4344037e-05,0.025687587,0.090651914,-0.022828236,-0.045561872,0.026400577,0.3635888,0.00023045282,-0.011325011,0.0023598894,0.9994173769658401,-0.022803398781182004,-0.02539511021331621,0.014836600799760154,0.9603388196612668,-0.27844070594708975,0.03073730462204919,0.27790170286565635,0.9601176290689282,left_images/camera_left_22.png,right_images/camera_right_22.png
2025-05-30 16:54:38,1.3290162086486816,23,-0.034323033,-0.0002772142,0.11403807,-0.0006743669,0.00029358882,-0.02766482,0.9138438,0.057907082,2.669249e-05,0.002031132,0.8332780058761996,-0.000580244588957221,0.5528538941159783,0.0006732554898309048,0.9999997727582193,3.479303536545574e-05,-0.5528537886729453,0.000343219648160269,0.8332782071734767,0.07067476,0.00053162925,0.110866636,0.00077378546,1.388934e-05,-0.01530955,0.8605072,-0.056456976,-6.065368e-05,0.0067549003,0.8369202955473061,0.0009464717073208201,-0.547323965391903,-0.000782009525331088,0.9999995519248771,0.0005334895941573009,0.5473242250824569,-1.847571443508965e-05,0.8369206606940325,-0.00081145944,0.027532324,0.09066038,-0.03106559,-0.052791815,0.037404522,0.33692142,0.00024172594,-0.011358438,0.00235123,0.99890899923233,-0.030996394407470283,-0.034928996355487366,0.019813472225669183,0.958605714416992,-0.284046669766521,0.04228755811143202,0.2830447099325916,0.9581740210463585,left_images/camera_left_23.png,right_images/camera_right_23.png
2025-05-30 16:54:38,1.395862340927124,24,-0.034323033,-0.0002772142,0.11403807,-0.00067435455,0.00029359377,-0.02766482,0.8871755,0.057907082,2.669249e-05,0.002031132,0.8332780058761996,-0.000580244588957221,0.5528538941159783,0.0006732554898309048,0.9999997727582193,3.479303536545574e-05,-0.5528537886729453,0.000343219648160269,0.8332782071734767,0.07067476,0.00053163274,0.110866636,0.0007737785,1.3874507e-05,-0.015309606,0.8338389,-0.056456976,-6.065368e-05,0.0067549003,0.8369202955473061,0.0009464717073208201,-0.547323965391903,-0.000782009525331088,0.9999995519248771,0.0005334895941573009,0.5473242250824569,-1.847571443508965e-05,0.8369206606940325,-0.0013743493,0.027981529,0.09062984,-0.04640233,-0.055817932,0.048319418,0.31025425,0.00027283424,-0.011344941,0.0023925873,0.997946308308485,-0.046275277549223136,-0.04429180986603251,0.03163389468419276,0.9572861618790753,-0.2874065082456174,0.05569975260785105,0.2854151414388717,0.9567840584984959,left_images/camera_left_24.png,right_images/camera_right_24.png
2025-05-30 16:54:38,1.455061674118042,25,-0.03432218,-0.00027733142,0.11403216,-0.00067364273,0.0002931212,-0.02764806,0.8605085,0.057910524,2.6549049e-05,0.0020359824,0.8332875759904411,-0.000579697405200237,0.5528394700551809,0.0006727110895685163,0.9999997731308363,3.461308671470965e-05,-0.5528393646980692,0.0003430585871312545,0.8332877769120588,0.07067476,0.00053163624,0.110866636,0.0007737715,1.3859675e-05,-0.015309662,0.80717057,-0.056456976,-6.065368e-05,0.0067549003,0.8369202955473061,0.0009464717073208201,-0.547323965391903,-0.000782009525331088,0.9999995519248771,0.0005334895941573009,0.5473242250824569,-1.847571443508965e-05,0.8369206606940325,-0.0016722897,0.025990743,0.09048435,-0.06861152,-0.05449606,0.059833895,0.2835872,0.00033023558,-0.0112079345,0.0025816131,0.9961807707796605,-0.06840754792518461,-0.05426121373232404,0.049862298287834866,0.9558427892524105,-0.28961752958622305,0.07167721491726894,0.28580582502992374,0.9556031641014319,left_images/camera_left_25.png,right_images/camera_right_25.png
2025-05-30 16:54:38,1.5075209140777588,26,-0.034321744,-0.0002773342,0.11402786,-0.0006731217,0.00029274847,-0.027636357,0.8338413,0.05791293,2.6572445e-05,0.00203961,0.8332945073494419,-0.0005791263118472264,0.5528290229663834,0.0006722793726827366,0.9999997734345898,3.422300782050962e-05,-0.5528289175338933,0.0003431377043188427,0.8332947078884037,0.07067476,0.00053163973,0.110866636,0.00077376276,1.3894468e-05,-0.0153097175,0.78050226,-0.056456976,-6.065368e-05,0.0067549003,0.8369202955473061,0.0009464717073208201,-0.547323965391903,-0.000782009525331088,0.9999995519248771,0.0005334895941573009,0.5473242250824569,-1.847571443508965e-05,0.8369206606940325,-0.0018927401,0.023209764,0.09029795,-0.0876165,-0.050382394,0.06912395,0.25691986,0.0003829194,-0.011058278,0.0028137239,0.9942146069117976,-0.08734138907811013,-0.06252037393622834,0.06563985070452906,0.9547723144866189,-0.2900021335944823,0.08502191130941936,0.28422052924405544,0.9549816570769945,left_images/camera_left_26.png,right_images/camera_right_26.png
2025-05-30 16:54:38,1.5564091205596924,27,-0.034321573,-0.00027734268,0.11402515,-0.00067282224,0.00029251876,-0.027628511,0.8071737,0.05791443,2.6602565e-05,0.0020418605,0.8332988440895035,-0.000578781205235851,0.5528224863836616,0.0006719543125711086,0.9999997736578207,3.4083856483567844e-05,-0.5528223809837108,0.00034306941560191485,0.833299044393354,0.07067476,0.0005316432,0.110866636,0.0007737558,1.3879648e-05,-0.015309773,0.75383395,-0.056456976,-6.065368e-05,0.0067549003,0.8369202955473061,0.0009464717073208201,-0.547323965391903,-0.000782009525331088,0.9999995519248771,0.0005334895941573009,0.5473242250824569,-1.847571443508965e-05,0.8369206606940325,-0.0020330606,0.019565068,0.09009984,-0.10821856,-0.04019353,0.076300204,0.23025304,0.00043642966,-0.010939134,0.003046318,0.9917371157457073,-0.1078774495580658,-0.06942585346420038,0.08384461698803675,0.9546506980550561,-0.2856783591823568,0.09709569225519263,0.27749684787370327,0.9558074732735896,left_images/camera_left_27.png,right_images/camera_right_27.png
2025-05-30 16:54:38,1.6093740463256836,28,-0.034321334,-0.0002773754,0.11402425,-0.0006726398,0.0002924787,-0.02762498,0.78050625,0.057914935,2.6604352e-05,0.002042619,0.8333008575277402,-0.0005788140520675488,0.5528194513743397,0.0006721878213123368,0.9999997735108914,3.378903004725838e-05,-0.5528193457243203,0.00034344207488498776,0.8333010578659285,0.07067476,0.0005316467,0.110866636,0.0007737488,1.3864816e-05,-0.015309829,0.72716564,-0.056456976,-6.065368e-05,0.0067549003,0.8369202955473061,0.0009464717073208201,-0.547323965391903,-0.000782009525331088,0.9999995519248771,0.0005334895941573009,0.5473242250824569,-1.847571443508965e-05,0.8369206606940325,-0.0018357084,0.015565269,0.08990297,-0.1293539,-0.027508225,0.08169477,0.20358622,0.0005173844,-0.010831747,0.00327483,0.9887722523160881,-0.1289213808395852,-0.07555600976881383,0.10311214250213407,0.9546055605127775,-0.2794568122388607,0.10815414517433,0.26852839961631786,0.9571808499343838,left_images/camera_left_28.png,right_images/camera_right_28.png
2025-05-30 16:54:38,1.671236515045166,29,-0.03658558,-0.0014685625,0.114018716,0.07366824,0.009189169,0.0064795255,0.7538394,0.057950407,-1.7287457e-06,0.0020239335,0.8481262128584786,0.05823613846841529,0.5265837817846482,-0.07355029859884238,0.9972580230958639,0.0081724504862506,-0.5246639692587585,-0.045661663868245696,0.8500839557446238,0.07289611,-0.0017390454,0.11087281,-0.104545355,0.013992416,-0.048977762,0.7004987,-0.056485437,-0.00010602732,0.0067412285,0.8491602275267631,-0.07942297202796178,-0.5221291980927146,0.1036333519962423,0.9944655985794633,0.017271409786475754,0.5178677788207319,-0.06877619323744974,0.8526915027740374,-0.0010458599,0.010864821,0.08971062,-0.15198655,-0.011227472,0.0884339,0.17691982,0.00068404374,-0.01072017,0.003503766,0.9848498479552094,-0.15139185255625554,-0.08456526451318959,0.12347528718947905,0.9546249455592735,-0.27100750316076017,0.12175643899226195,0.2564599779605753,0.9588553849608316,left_images/camera_left_29.png,right_images/camera_right_29.png
2025-05-30 16:54:38,1.7315669059753418,30,-0.038609177,-0.00404334,0.11416901,0.15828408,0.014153108,0.035774913,0.7271726,0.05787654,0.00016328224,0.0019002147,0.8536627815591823,0.12791497395208093,0.5048738603052038,-0.1571668205838422,0.9874494163328282,0.015564083382043625,-0.49654651935967314,-0.09263589813239417,0.8630528051567867,0.07579016,-0.0038938043,0.11097987,-0.2064276,0.019971099,-0.077075526,0.67383206,-0.056327302,-6.312094e-05,0.0067388127,0.8488979633082706,-0.1600596111093618,-0.5037391872612159,0.20314909977879103,0.9786445904217953,0.03138803748601774,0.4879576735231625,-0.12897940350953993,0.8632853655195287,-0.00034830585,0.006618468,0.08956307,-0.18454704,0.0056501096,0.09673925,0.15025328,0.000870023,-0.0106360195,0.0036856402,0.9783563866185376,-0.18350210849980148,-0.09563345094079363,0.1529553098059736,0.9525816511528294,-0.26304537838385866,0.1393680521671905,0.24272448179587455,0.9600319640366393,left_images/camera_left_30.png,right_images/camera_right_30.png
2025-05-30 16:54:38,1.7938368320465088,31,-0.04030303,-0.0067637563,0.114409536,0.23604558,0.01550825,0.062242873,0.7005063,0.05776307,0.00037990822,0.0017018272,0.8526474448363639,0.19282845191552375,0.485602227080851,-0.23288419273903008,0.9722361251325752,0.02284446890356706,-0.4677149640393282,-0.13256736068526936,0.8738813462333612,0.07908133,-0.005156435,0.111158095,-0.29234615,0.021306602,-0.09962079,0.6471654,-0.05604807,-5.3828204e-05,0.006733643,0.8408964260224604,-0.22805645155866802,-0.4907987934022675,0.28525008344939806,0.9574503018671023,0.043832742860857116,0.45991911310008005,-0.17685919358931698,0.8701696587724559,-0.0001676124,0.0024179118,0.08946129,-0.24402207,0.028909517,0.10536844,0.123586476,0.0010618977,-0.010621045,0.003810756,0.9642752592212175,-0.24151170556799775,-0.10883620963397342,0.208159490613173,0.9449253578069737,-0.2525582994894976,0.16383787999579888,0.22088042975102878,0.9614410979521745,left_images/camera_left_31.png,right_images/camera_right_31.png
2025-05-30 16:54:38,1.8427321910858154,32,-0.04203811,-0.00849695,0.1145568,0.3138838,0.011656586,0.08401529,0.67384064,0.05767185,0.00055222184,0.001600882,0.8439074667559898,0.25869825840337496,0.4699951049240289,-0.30743749234991063,0.9511416907944298,0.02848986364151833,-0.4396616606563358,-0.16853692512851381,0.8822091186431589,0.082513936,-0.0059172017,0.1113456,-0.3661192,0.019021027,-0.11753399,0.6204989,-0.05572653,-4.1174528e-05,0.0067447964,0.8282716183544117,-0.28643981049153605,-0.4815790290223787,0.35412904703325593,0.9336512237561136,0.053740212374251556,0.43423351353376927,-0.21505261529282674,0.8747534672008072,-0.0008489764,-0.0022040464,0.08940634,-0.3357982,0.06458371,0.11182771,0.096919864,0.0012918906,-0.010712911,0.0038777553,0.9359719655631012,-0.32888838003600845,-0.12565394206802624,0.2938289869095925,0.9263047403857265,-0.23584752360500674,0.19396135215972113,0.18382589974272331,0.9636322080815641,left_images/camera_left_32.png,right_images/camera_right_32.png
2025-05-30 16:54:38,1.8987152576446533,33,-0.044764493,-0.009103255,0.11477962,0.39378843,0.00372349,0.10303654,0.6471739,0.057442125,0.00063955685,0.0014996491,0.827683219033132,0.3258447827915566,0.4569088163501287,-0.3822211444593614,0.923451505934249,0.03382769451121041,-0.41091055676281707,-0.20263882578442644,0.8888700808473534,0.08662827,-0.007035923,0.111522675,-0.4400617,0.013660291,-0.14113097,0.59383243,-0.0554032,1.9908242e-05,0.0067813005,0.8135622302555355,-0.3448479855390979,-0.46818411375362246,0.42100041215782313,0.9047148219488332,0.06519005989438781,0.40109244628212803,-0.2501418753741903,0.8812229523336879,-0.0034893027,-0.0062900847,0.0894059,-0.4297472,0.10420858,0.11333853,0.07025346,0.0014299052,-0.010866291,0.0038925568,0.8987337464470282,-0.4147209069998685,-0.14242268883325931,0.3805087302654715,0.8990223009562236,-0.21673026686445104,0.21792374627159772,0.14058972821861446,0.9657866064148791,left_images/camera_left_33.png,right_images/camera_right_33.png
2025-05-30 16:54:38,1.9645421504974365,34,-0.049116623,-0.0090827495,0.11506492,0.47368214,-0.008308065,0.12595999,0.6205072,0.0570804,0.000672068,0.0014173416,0.8073383499382258,0.3921991212265198,0.44089073252697036,-0.4546031759502871,0.8897517992706057,0.04095959119220259,-0.37621900687622783,-0.23349857602106638,0.8966257155921858,0.09114505,-0.008435431,0.11165534,-0.50786924,0.0052958876,-0.16668856,0.56716585,-0.055104893,0.00012932107,0.0068645487,0.7975531398581923,-0.3984177812312152,-0.45295944708233454,0.4801905774136562,0.8737841370224698,0.07693043124172062,0.36513832785052586,-0.27886296542691574,0.8882057464618367,-0.007836986,-0.008133578,0.08953914,-0.5303253,0.14888538,0.105204426,0.04358784,0.0014973602,-0.011227414,0.0037412029,0.8508151127798639,-0.5013104816080717,-0.15748474496049036,0.47178477232463517,0.8607481883418951,-0.19113263684870122,0.23137150314587057,0.0883196314305523,0.9688482183685904,left_images/camera_left_34.png,right_images/camera_right_34.png
2025-05-30 16:54:38,2.018742084503174,35,-0.05572441,-0.008420167,0.11524209,0.5541667,-0.026112748,0.14968017,0.5938404,0.056615602,0.0006691307,0.0015412252,0.7810471679929027,0.4583803228895514,0.42409055749678864,-0.5248980972262798,0.8497995590103229,0.048194367244438804,-0.33830061912224946,-0.2602464007311754,0.9043364982173235,0.0971866,-0.010422298,0.111726254,-0.58611447,-0.0063654515,-0.20022768,0.5404991,-0.05477618,0.00026514864,0.0070698494,0.7758766774736857,-0.45860813131565664,-0.4332366134614614,0.5451750804789204,0.8329679430071588,0.0945967100232634,0.3174893903380032,-0.30958518668305846,0.8963021249607851,-0.013013646,-0.007847145,0.08978638,-0.64146984,0.19331181,0.08692538,0.016922297,0.0015576197,-0.011688203,0.0034712655,0.7893166184311391,-0.589597802416391,-0.17132923642564252,0.5674144934393006,0.8070750871281296,-0.16331134795887248,0.23456357028203112,0.031689669024530215,0.9715841169830137,left_images/camera_left_35.png,right_images/camera_right_35.png
2025-05-30 16:54:38,2.0688600540161133,36,-0.06373566,-0.0075459853,0.11529399,0.62483025,-0.04432345,0.16794689,0.56717366,0.0560662,0.00063705706,0.0018728646,0.7520780980743835,0.5143386550177141,0.4121095513954832,-0.5839797848032003,0.8099085892687978,0.0549152799303914,-0.3055260141755942,-0.2819642264245489,0.9094778885045969,0.104839966,-0.013734422,0.111695744,-0.6867976,-0.016445398,-0.24192335,0.51383245,-0.05437527,0.00038642145,0.0074849203,0.7410669094639669,-0.5286936799865155,-0.41388745866459936,0.6218773789744646,0.7728771640045182,0.12621178582122652,0.2531567917662387,-0.3509186260412076,0.9015363313144825,-0.018672891,-0.006175477,0.090050496,-0.7576634,0.23170128,0.061502315,0.0013389976,0.0015911413,-0.0121166,0.0032018656,0.7164431300814149,-0.6729508558705621,-0.18397387570582557,0.6589532021181363,0.739356088633889,-0.1383229974308369,0.22910678466033974,-0.022129613260845483,0.973149711729663,left_images/camera_left_36.png,right_images/camera_right_36.png
2025-05-30 16:54:39,2.142148017883301,37,-0.0719196,-0.006935148,0.11523798,0.67860484,-0.059104085,0.18146197,0.54050696,0.05551431,0.0006026205,0.0023357337,0.7268867095629348,0.5548420024527851,0.40470490950191473,-0.6269334603991501,0.7766620019433266,0.06124190533720553,-0.28033934381873093,-0.2982389764124864,0.9123943036076647,0.11329316,-0.01744157,0.111511946,-0.79683846,-0.025181662,-0.27886996,0.4871663,-0.053911485,0.00047396682,0.00814101,0.6926501529958623,-0.596901248859517,-0.4049008084269004,0.6970600974815947,0.6982041844014235,0.1631506585438524,0.1853186068741029,-0.39524652559420675,0.8996872778648978,-0.02444962,-0.0038128807,0.090257935,-0.8742799,0.26014712,0.034525122,8.763117e-05,0.0015742742,-0.012410712,0.0030119466,0.6350544707190631,-0.7472798348968157,-0.19564934852004584,0.740497408480844,0.6610329686808485,-0.1212394422213262,0.21993046003881456,-0.06788418573992065,0.9731507232045523,left_images/camera_left_37.png,right_images/camera_right_37.png
