Epoch Time (Seconds),Time (Seconds),Frame Number,PSM1_joint_1,PSM1_joint_2,PSM1_joint_3,PSM1_joint_4,PSM1_joint_5,PSM1_joint_6,PSM1_jaw_angle,PSM1_ee_x,PSM1_ee_y,PSM1_ee_z,"PSM1_Orientation_Matrix_[1,1]","PSM1_Orientation_Matrix_[1,2]","PSM1_Orientation_Matrix_[1,3]","PSM1_Orientation_Matrix_[2,1]","PSM1_Orientation_Matrix_[2,2]","PSM1_Orientation_Matrix_[2,3]","PSM1_Orientation_Matrix_[3,1]","PSM1_Orientation_Matrix_[3,2]","PSM1_Orientation_Matrix_[3,3]",PSM2_joint_1,PSM2_joint_2,PSM2_joint_3,PSM2_joint_4,PSM2_joint_5,PSM2_joint_6,PSM2_jaw_angle,PSM2_ee_x,PSM2_ee_y,PSM2_ee_z,"PSM2_Orientation_Matrix_[1,1]","PSM2_Orientation_Matrix_[1,2]","PSM2_Orientation_Matrix_[1,3]","PSM2_Orientation_Matrix_[2,1]","PSM2_Orientation_Matrix_[2,2]","PSM2_Orientation_Matrix_[2,3]","PSM2_Orientation_Matrix_[3,1]","PSM2_Orientation_Matrix_[3,2]","PSM2_Orientation_Matrix_[3,3]",Camera Left,Camera Right
2025-05-15 15:15:58,0.0022301673889160156,1,-0.06551306,-0.0006011501,0.11403261,3.9656734e-05,-0.00021711832,0.012567815,2.8886368e-12,0.035163455,7.400746e-05,0.002809946,0.8382428567181005,0.0004872422506161997,0.5452968693804021,-4.96598103044481e-05,0.9999996648612168,-0.0008171972572941394,-0.5452970848033036,0.0006579304243633958,0.8382425999867673,0.00038293222,-0.0022570288,0.10708588,-0.014712377,0.015297606,-0.031924725,0.82668394,-0.04525829,-3.790891e-05,0.0047272807,0.8811631851529537,-0.006208075286118763,-0.4727715102799064,0.014288182301010277,0.9998067537148335,0.013501965513939916,0.4725963277233911,-0.01865248046369189,0.8810816057522237,left_images/camera_left_1.png,right_images/camera_right_1.png
2025-05-15 15:15:58,0.04997992515563965,2,-0.06551306,-0.0006011501,0.11403261,3.9645332e-05,-0.000217128,0.012567871,7.888057e-13,0.035163455,7.400746e-05,0.002809946,0.8382428567181005,0.0004872422506161997,0.5452968693804021,-4.96598103044481e-05,0.9999996648612168,-0.0008171972572941394,-0.5452970848033036,0.0006579304243633958,0.8382425999867673,0.0014646634,-0.0041725743,0.10708638,-0.026264535,0.02639175,-0.045438047,0.85335046,-0.045260187,-3.8023412e-05,0.0047346493,0.8867445030717896,-0.011571614919544525,-0.4621150116584813,0.025224909931172025,0.9994084137477458,0.02337790514948698,0.4615711106546085,-0.03238703843156897,0.8865118101586142,left_images/camera_left_2.png,right_images/camera_right_2.png
2025-05-15 15:15:58,0.10618257522583008,3,-0.06551306,-0.0006011501,0.11403261,3.963393e-05,-0.0002171377,0.012567927,7.9393577e-13,0.035163455,7.400746e-05,0.002809946,0.8382428567181005,0.0004872422506161997,0.5452968693804021,-4.96598103044481e-05,0.9999996648612168,-0.0008171972572941394,-0.5452970848033036,0.0006579304243633958,0.8382425999867673,0.002270382,-0.005618816,0.10708928,-0.034932885,0.03452298,-0.055579495,0.880017,-0.045259688,-3.517061e-05,0.0047412794,0.8907677587529037,-0.01567148689406924,-0.45418851203531974,0.03326642144579136,0.998972620426169,0.030774158689789687,0.4532396112108029,-0.04252185482081398,0.8903739364402341,left_images/camera_left_3.png,right_images/camera_right_3.png
2025-05-15 15:15:59,0.16335535049438477,4,-0.06551306,-0.0006011501,0.11403261,3.962253e-05,-0.00021714739,0.012567983,7.963815e-13,0.035163455,7.400746e-05,0.002809946,0.8382428567181005,0.0004872422506161997,0.5452968693804021,-4.96598103044481e-05,0.9999996648612168,-0.0008171972572941394,-0.5452970848033036,0.0006579304243633958,0.8382425999867673,0.0028748987,-0.006681438,0.10709171,-0.04140156,0.040476393,-0.06316967,0.9066835,-0.045257844,-3.352869e-05,0.004747822,0.8936870040448633,-0.018764035859713084,-0.448298393661601,0.039174939184185326,0.9985728273228827,0.036299210353665186,0.4469774747582162,-0.050002194858222514,0.8931466383344498,left_images/camera_left_4.png,right_images/camera_right_4.png
2025-05-15 15:15:59,0.22030043601989746,5,-0.066111244,0.012234367,0.114056475,-0.061535563,-0.09003303,0.029476728,3.0222986e-07,0.035174534,0.00023870583,0.002853252,0.8451203884123134,-0.007648588016517681,0.5345213075183947,0.05917959976595786,0.9950903181267164,-0.07932864389368718,-0.5312902258289359,0.09867501138497009,0.8414237565381754,0.0033056296,-0.0074937353,0.10709767,-0.04623215,0.044920698,-0.06881532,0.93335,-0.045255687,-3.087148e-05,0.004749025,0.8958150831846284,-0.021075818573281026,-0.4439269608960282,0.043535419687786986,0.9982322801332421,0.040459635843605415,0.44228950244328186,-0.05557089860219154,0.8951490776719928,left_images/camera_left_5.png,right_images/camera_right_5.png
2025-05-15 15:15:59,0.27646541595458984,6,-0.06516728,0.022647766,0.11414131,-0.11970186,-0.15482323,0.04846427,4.1072173e-07,0.035238124,0.00022527354,0.0028638984,0.8505137269484109,-0.0248094194890099,0.5253673885738837,0.11291381048034076,0.9842092492305589,-0.1363181027297149,-0.513689470083954,0.1752616513491692,0.8398848027504895,0.003618357,-0.008068852,0.107104026,-0.04982783,0.048184827,-0.073014006,0.96001655,-0.045253586,-3.155254e-05,0.004748594,0.8973737624844991,-0.022798394876784138,-0.44068193018940116,0.046751157147469295,0.9979558079733457,0.043572177334159086,0.4387877159969119,-0.05970291888433093,0.8966052095358941,left_images/camera_left_6.png,right_images/camera_right_6.png
2025-05-15 15:15:59,0.33704471588134766,7,-0.063049525,0.030282214,0.114220105,-0.17050782,-0.20280983,0.06720429,5.9015036e-07,0.035377685,0.0002214458,0.002846472,0.8544656612498844,-0.04309716968544202,0.5177171696108811,0.157890053269195,0.9709563099167435,-0.1797625525839884,-0.4949334953541216,0.2353433198498837,0.8364534398151441,0.0039018285,-0.008503589,0.107109,-0.050904274,0.050752576,-0.07609427,0.9866831,-0.04524798,-3.291489e-05,0.0047505023,0.8985496973080723,-0.02263016515543018,-0.43828793856620035,0.04752691180154123,0.9978140501704844,0.04591637983315363,0.43629076786264914,-0.06208862140047779,0.897661054613827,left_images/camera_left_7.png,right_images/camera_right_7.png
2025-05-15 15:15:59,0.3897268772125244,8,-0.060573913,0.036111962,0.11425526,-0.2126545,-0.23886037,0.084445395,7.2719945e-07,0.035558064,0.0002039012,0.0028450964,0.8572584184962689,-0.0595117892475584,0.5114355784043868,0.19363126043410978,0.9576448726200135,-0.21312726931881754,-0.4770900741998029,0.28173506151196737,0.8324724717459877,0.004125947,-0.008833729,0.10711195,-0.051668476,0.05267826,-0.078382134,1.0133487,-0.045242738,-3.3438002e-05,0.0047535226,0.8994136809913789,-0.02246662396634063,-0.43652065386771055,0.048057865187327235,0.9977063904880668,0.047669696589241396,0.4344484687959841,-0.06385302801613015,0.8984304752032827,left_images/camera_left_8.png,right_images/camera_right_8.png
2025-05-15 15:15:59,0.4467616081237793,9,-0.058216617,0.040770065,0.114227414,-0.24667549,-0.2647921,0.099916175,8.2031835e-07,0.03576176,0.00013812794,0.002878096,0.8593566581257397,-0.07409529925317784,0.5059802572863317,0.22139122778242884,0.9458208126445865,-0.2375056096796927,-0.46096860890514996,0.3161216174147473,0.8292014620145908,0.0043489547,-0.008981838,0.10711464,-0.05181556,0.053433176,-0.080402456,1.0286765,-0.04523656,-3.200202e-05,0.0047561247,0.9001883873317984,-0.022271786338942105,-0.4349308391529032,0.04805937694001059,0.9976720595392682,0.048381379711753617,0.43284080630309574,-0.06445486132129537,0.8991631705374384,left_images/camera_left_9.png,right_images/camera_right_9.png
2025-05-15 15:15:59,0.5087826251983643,10,-0.05578233,0.044548124,0.11408256,-0.27614975,-0.28249204,0.11521342,1.0013159e-06,0.036049105,3.4212135e-05,0.0029672142,0.8615160055366126,-0.08910811589581019,0.4998498933537328,0.2446931912437923,0.9354750378664564,-0.25497391177859885,-0.4448768530314519,0.34197397153913733,0.8277308671461885,0.0043614996,-0.008989216,0.10711493,-0.051814504,0.053433236,-0.080402635,1.0053086,-0.0452353,-3.1140517e-05,0.0047567366,0.9001830600914292,-0.02227353769818738,-0.43494177523300515,0.04805862283916949,0.9976724548595194,0.04837397632387786,0.4328519690324083,-0.06444813676894054,0.8991582789319016,left_images/camera_left_10.png,right_images/camera_right_10.png
2025-05-15 15:15:59,0.5617775917053223,11,-0.053020906,0.048748735,0.11369623,-0.30340233,-0.2944609,0.1320177,1.3363923e-06,0.03652002,-0.000201636,0.0032035317,0.8642385210543369,-0.10583089155967637,0.49182476667762137,0.2655402783981369,0.9263078617451659,-0.267286561235949,-0.427293972896942,0.36159862784693025,0.8286533008835267,0.0043612258,-0.008989047,0.10711493,-0.051814497,0.053433236,-0.080402635,0.9786409,-0.0452353,-3.1140517e-05,0.0047567366,0.9001830600914292,-0.02227353769818738,-0.43494177523300515,0.04805862283916949,0.9976724548595194,0.04837397632387786,0.4328519690324083,-0.06444813676894054,0.8991582789319016,left_images/camera_left_11.png,right_images/camera_right_11.png
2025-05-15 15:15:59,0.6087353229522705,12,-0.051111042,0.052576233,0.11304358,-0.33036646,-0.30203566,0.14957365,1.4327164e-06,0.03706097,-0.00044904696,0.0036950111,0.8663488107853999,-0.1241990582691885,0.483750278527848,0.2859286701310291,0.9174889508973563,-0.2765118814415942,-0.40949302026753154,0.3778738134699411,0.8303775330811038,0.0043612258,-0.008989047,0.10711493,-0.051814497,0.053433236,-0.080402635,0.9519726,-0.0452353,-3.1140517e-05,0.0047567366,0.9001830600914292,-0.02227353769818738,-0.43494177523300515,0.04805862283916949,0.9976724548595194,0.04837397632387786,0.4328519690324083,-0.06444813676894054,0.8991582789319016,left_images/camera_left_12.png,right_images/camera_right_12.png
2025-05-15 15:15:59,0.6583602428436279,13,-0.05074329,0.056437053,0.1118648,-0.34811032,-0.31072736,0.16413262,1.2863918e-06,0.037749607,-0.00064999005,0.004723485,0.8683261199985997,-0.134179082569157,0.47749944830238006,0.29788956847152215,0.91082450965988,-0.2857630444943677,-0.39657477772045496,0.3903776202649673,0.8308632614770214,0.0043612258,-0.008989047,0.10711493,-0.051814497,0.053433236,-0.080402635,0.9253043,-0.0452353,-3.1140517e-05,0.0047567366,0.9001830600914292,-0.02227353769818738,-0.43494177523300515,0.04805862283916949,0.9976724548595194,0.04837397632387786,0.4328519690324083,-0.06444813676894054,0.8991582789319016,left_images/camera_left_13.png,right_images/camera_right_13.png
2025-05-15 15:15:59,0.7047717571258545,14,-0.050713345,0.06034378,0.11038162,-0.35560468,-0.3198469,0.17331442,9.964492e-07,0.03857378,-0.0008316175,0.006023012,0.8702204464607329,-0.13605129140205013,0.47350440406559824,0.30145263591990534,0.9072350995799611,-0.2933441364457102,-0.38966996658534503,0.39801321610968254,0.8305075538147763,0.0043612258,-0.008989047,0.10711493,-0.051814497,0.053433236,-0.080402635,0.898636,-0.0452353,-3.1140517e-05,0.0047567366,0.9001830600914292,-0.02227353769818738,-0.43494177523300515,0.04805862283916949,0.9976724548595194,0.04837397632387786,0.4328519690324083,-0.06444813676894054,0.8991582789319016,left_images/camera_left_14.png,right_images/camera_right_14.png
2025-05-15 15:15:59,0.7520120143890381,15,-0.051377263,0.06366677,0.10870375,-0.3584234,-0.32957387,0.17964779,7.3786623e-07,0.039436955,-0.0009207323,0.007529093,0.8718609196228917,-0.1334803690525668,0.4712128265570836,0.30116546047087533,0.904847815975356,-0.30091493041056283,-0.38620966100512194,0.4042689958458585,0.8291011257645776,0.0043612258,-0.008989047,0.10711493,-0.051814497,0.053433236,-0.080402635,0.8719677,-0.0452353,-3.1140517e-05,0.0047567366,0.9001830600914292,-0.02227353769818738,-0.43494177523300515,0.04805862283916949,0.9976724548595194,0.04837397632387786,0.4328519690324083,-0.06444813676894054,0.8991582789319016,left_images/camera_left_15.png,right_images/camera_right_15.png
2025-05-15 15:15:59,0.8138384819030762,16,-0.05181099,0.066159345,0.10670551,-0.3543249,-0.3390601,0.18151078,4.7259653e-07,0.04049755,-0.00090026995,0.009279692,0.873512650568559,-0.12565531714764996,0.4703045721330106,0.295578760003967,0.9045389287460235,-0.3073150224403514,-0.3867930272525708,0.407455602066679,0.8272672400217914,0.0043612258,-0.008989047,0.10711493,-0.051814497,0.053433236,-0.080402635,0.84529936,-0.0452353,-3.1140517e-05,0.0047567366,0.9001830600914292,-0.02227353769818738,-0.43494177523300515,0.04805862283916949,0.9976724548595194,0.04837397632387786,0.4328519690324083,-0.06444813676894054,0.8991582789319016,left_images/camera_left_16.png,right_images/camera_right_16.png
2025-05-15 15:15:59,0.8682279586791992,17,-0.051583122,0.06697288,0.10471004,-0.34644607,-0.34600157,0.18151483,5.495019e-07,0.041628484,-0.00073602167,0.010961533,0.8757498966714489,-0.11609257018311646,0.46859858474842286,0.28714021249013344,0.9055554377385284,-0.3122816798233659,-0.3880884137037174,0.4080341460349371,0.8263749263006906,0.004826592,-0.010556198,0.10713011,-0.11443546,0.060978293,-0.096335776,0.81863344,-0.04524975,-5.4176024e-05,0.004752337,0.9022985395863148,-0.07296172640705799,-0.4248928475981976,0.10884004889498013,0.9922010464345273,0.060753001660554515,0.4171464841239129,-0.10106270298151847,0.9032027130434936,left_images/camera_left_17.png,right_images/camera_right_17.png
2025-05-15 15:15:59,0.9115009307861328,18,-0.050192975,0.06541253,0.10268402,-0.33203718,-0.350811,0.18026465,1.1181718e-06,0.042907275,-0.00035409187,0.012566704,0.8797889421556007,-0.102364527248295,0.4642121506617015,0.2728821135869165,0.9083665444715273,-0.3168683843004759,-0.38923870483941647,0.4054524934515633,0.8271042898019836,0.0071590864,-0.013167052,0.10706631,-0.22601055,0.07330214,-0.12707084,0.79196733,-0.045156524,-0.00012730999,0.004927976,0.8979807025912528,-0.1621189729450137,-0.40908201669710953,0.21488453387721573,0.9728312083686357,0.08616308446424378,0.3839990818662097,-0.16527818560014082,0.908420511927507,left_images/camera_left_18.png,right_images/camera_right_18.png
2025-05-15 15:15:59,0.9576539993286133,19,-0.047174685,0.0629288,0.1007411,-0.31665367,-0.35428685,0.17867824,1.5383134e-06,0.044283815,8.79087e-05,0.014002781,0.8844559195526839,-0.08889218461985449,0.458078493144708,0.25783056339803856,0.9113176396701754,-0.3209728340589441,-0.3889230347331803,0.40199295906705895,0.828939403041286,0.011279595,-0.016140236,0.10690611,-0.34268358,0.0832657,-0.16957977,0.76530147,-0.044984035,-0.00019065925,0.0052885506,0.8857776344080491,-0.25336996080408286,-0.3888465575836028,0.32064845163448435,0.9398133429194002,0.11804851093965413,0.33553323657558626,-0.22924777737810115,0.9137083252987861,left_images/camera_left_19.png,right_images/camera_right_19.png
2025-05-15 15:15:59,1.0010747909545898,20,-0.04343929,0.05945465,0.098909445,-0.30261147,-0.35578984,0.17883247,1.9952492e-06,0.045664717,0.0005832133,0.01529887,0.889757932713399,-0.07733899055477267,0.44983274860057393,0.24360960293495976,0.9138956944443839,-0.32472915026817095,-0.38598598748069807,0.3985139147081139,0.8319864645849501,0.016368855,-0.017032575,0.10669908,-0.45374212,0.08010616,-0.20126277,0.7386345,-0.044688277,-0.00026383728,0.005753941,0.8601241245819331,-0.3414184210060396,-0.3789722313176865,0.4184396658056999,0.8971638715814279,0.14143985863057706,0.29171002106985894,-0.2802328484078306,0.9145352996361903,left_images/camera_left_20.png,right_images/camera_right_20.png
2025-05-15 15:15:59,1.0435092449188232,21,-0.040560957,0.05349823,0.09700124,-0.29239243,-0.35417098,0.18184325,2.2471638e-06,0.047014464,0.0012668243,0.016698893,0.8952094948937035,-0.06888191555499767,0.4402899521470307,0.23218487910859814,0.9153857539115499,-0.32887551360523815,-0.38038157442952736,0.39664115172944137,0.8354553576279562,0.022326762,-0.015728096,0.10644105,-0.5400263,0.06990954,-0.21488,0.71196645,-0.044281658,-0.0003950902,0.0063085156,0.8290905796466228,-0.4090107650270973,-0.38120729902924966,0.4928431870817701,0.8565931765030713,0.15281924916535033,0.2640348531696346,-0.3145764200640707,0.9117715022149809,left_images/camera_left_21.png,right_images/camera_right_21.png
2025-05-15 15:15:59,1.0886328220367432,22,-0.039740384,0.046241235,0.09524724,-0.28933245,-0.34812084,0.18685338,1.961172e-06,0.048091076,0.001974593,0.018074282,0.8991725292406803,-0.06694141431000224,0.4324437647938691,0.22744560437405803,0.9157492168677965,-0.3311674332674295,-0.37384122259301206,0.3961340920145532,0.8386420699165813,0.028574398,-0.012825617,0.10615135,-0.61767447,0.057882804,-0.2052968,0.68529904,-0.043738745,-0.0005623043,0.0069390927,0.7882567285901929,-0.4673111508700243,-0.4003393786586828,0.5599290325476198,0.8145374074801598,0.15168483881320027,0.2552073830095308,-0.3437282358026955,0.9037256727400153,left_images/camera_left_22.png,right_images/camera_right_22.png
2025-05-15 15:15:59,1.131556510925293,23,-0.04008072,0.038462922,0.093775555,-0.29256597,-0.33476865,0.1937687,1.5207213e-06,0.04891617,0.0025774327,0.019240836,0.9021099437978546,-0.0733447671780655,0.42522722681952846,0.2292643953940175,0.9163174337441775,-0.3283294041372172,-0.36556187753326647,0.3936786833752621,0.8434344123583487,0.03502503,-0.010615513,0.105927676,-0.68677306,0.050071556,-0.19451912,0.6586324,-0.043140028,-0.00069314905,0.0075383084,0.7473871611878449,-0.5147324088302379,-0.4200749678228816,0.6166207988110968,0.7728148574775018,0.15011990719286164,0.247368594945153,-0.3712246534941467,0.8949866115607604,left_images/camera_left_23.png,right_images/camera_right_23.png
2025-05-15 15:16:00,1.1735241413116455,24,-0.040642157,0.03069758,0.09260529,-0.30486187,-0.31451494,0.20353991,1.2688097e-06,0.04955706,0.0030394741,0.020138862,0.904082784162954,-0.09064679269106361,0.4176331863669181,0.24010591686340277,0.9161644669462866,-0.3209233836793624,-0.3535300101368289,0.3904175053450471,0.8500533532977821,0.041655082,-0.009638185,0.1058193,-0.75683206,0.04503381,-0.18828763,0.63196594,-0.042486023,-0.0007471697,0.008055772,0.7046195848782779,-0.5587892508702842,-0.43733947194117967,0.6701315128712392,0.7266778829240215,0.151205191464997,0.2333130859229024,-0.3996171012117583,0.8864937542680398,left_images/camera_left_24.png,right_images/camera_right_24.png
2025-05-15 15:16:00,1.2195792198181152,25,-0.04093487,0.023354195,0.09170253,-0.3310084,-0.2890844,0.21594529,9.672417e-07,0.050055727,0.003364182,0.020795554,0.9037322414232933,-0.1219444382073583,0.41036275391697286,0.264406108246121,0.9128830903899114,-0.3110206957781192,-0.33668597495911645,0.3895818492569393,0.8572447357641647,0.049181666,-0.009453247,0.10582692,-0.8302907,0.03999131,-0.18783866,0.6052996,-0.041731626,-0.0007488151,0.008518149,0.6590305563428542,-0.6015256706339265,-0.45149262826189485,0.7218384023013396,0.6744699896839321,0.15504694121073936,0.21125351303464257,-0.4280853893607701,0.8787006615715961,left_images/camera_left_25.png,right_images/camera_right_25.png
2025-05-15 15:16:00,1.262169361114502,26,-0.040949788,0.01640424,0.091013,-0.36569464,-0.26057848,0.22781208,6.796147e-07,0.050453216,0.003594555,0.02125999,0.9002573643445724,-0.16192464811278914,0.4041250874134306,0.2975591761697901,0.9064539379532622,-0.299666139305359,-0.3177974427532723,0.39002777683464085,0.8642239979755872,0.056402907,-0.0097598545,0.105889946,-0.89697385,0.037247185,-0.18528047,0.57863307,-0.04095473,-0.0007036659,0.008935408,0.6142449200416494,-0.6360309948572446,-0.46708430907485166,0.7655470794789933,0.6238788781847937,0.1572030993844185,0.19141799106722393,-0.45413623389439767,0.8701261022173747,left_images/camera_left_26.png,right_images/camera_right_26.png
2025-05-15 15:16:00,1.3042869567871094,27,-0.040823806,0.008850731,0.09051605,-0.39601463,-0.22981681,0.23256116,3.3360624e-07,0.050759584,0.003821406,0.021545634,0.8940637789412457,-0.19967091042232862,0.400975668484283,0.3288958680601941,0.9003298143639136,-0.28501532123795026,-0.3041010804950067,0.38670111571930976,0.870623213533392,0.06252151,-0.010670832,0.10596902,-0.95674574,0.039590564,-0.17999512,0.5519664,-0.040209472,-0.00061803084,0.009319587,0.57126830724068,-0.6617812316883853,-0.4854875101661952,0.801896984159775,0.5761213262206802,0.158257525158148,0.17496784829740955,-0.4797184787547046,0.8598002286598012,left_images/camera_left_27.png,right_images/camera_right_27.png
2025-05-15 15:16:00,1.348752737045288,28,-0.040727958,0.0008115637,0.09019816,-0.41598433,-0.19985154,0.23124045,1.8942427e-07,0.05098539,0.004082343,0.021678776,0.8877807019362285,-0.22877400464483316,0.39938437634487345,0.3518985591995077,0.8966735474712383,-0.2685962644912544,-0.2966695624814386,0.3789973668300496,0.8765547139984822,0.06724439,-0.01211822,0.10603115,-1.0177966,0.04803872,-0.17009746,0.5252998,-0.03950199,-0.00048358284,0.009703615,0.524166983307714,-0.6825680845493703,-0.5092639625623376,0.8363897008098177,0.5251802181285187,0.15696498611392576,0.16031606903038145,-0.5082189965370095,0.8461750466478911,left_images/camera_left_28.png,right_images/camera_right_28.png
2025-05-15 15:16:00,1.3914520740509033,29,-0.04126267,-0.006394502,0.09000023,-0.41611382,-0.17098211,0.22582762,1.5889105e-07,0.051144026,0.0042584864,0.021718591,0.8852558743606649,-0.24220504529735912,0.3970626561922423,0.35767979188388443,0.9002227739796649,-0.2483226201663035,-0.2972998543353759,0.36185034647055586,0.8835593490939377,0.07071719,-0.013941142,0.10604338,-1.0783333,0.05981663,-0.1603341,0.49863318,-0.038896516,-0.00030969572,0.010091685,0.47611297809176534,-0.6988789117072352,-0.533745912268657,0.8674942363665901,0.4727397043039338,0.1548254560638408,0.14411863850084491,-0.5367359115482585,0.8313509363025479,left_images/camera_left_29.png,right_images/camera_right_29.png
2025-05-15 15:16:00,1.4334702491760254,30,-0.042025577,-0.012590885,0.08988964,-0.39300472,-0.14626957,0.21665315,1.941561e-07,0.051256698,0.0043750014,0.02169815,0.8880236329204289,-0.2355273623120943,0.39489351599780775,0.3423659344031433,0.9119909898747359,-0.22596017646382274,-0.306919524199856,0.33585606439307714,0.890506097494749,0.07331374,-0.016118785,0.106010765,-1.1316581,0.07349438,-0.15384167,0.47196668,-0.03839674,-0.00010966475,0.0104788,0.4337126465623151,-0.7090414755490629,-0.5560157607146761,0.8919923245346347,0.42514068642921365,0.15363947967171698,0.12744815880667432,-0.5625971762226545,0.8168484462390097,left_images/camera_left_30.png,right_images/camera_right_30.png
2025-05-15 15:16:00,1.478456735610962,31,-0.042052954,-0.018639266,0.08988628,-0.33912018,-0.12737785,0.20318079,2.0615833e-07,0.05137046,0.004526157,0.021568008,0.8971836515013324,-0.20108962095737476,0.3932231679618519,0.29785787860189494,0.9328775316757917,-0.2025344292935422,-0.32610148670853106,0.2988351974545525,0.8968585981796595,0.07524417,-0.018352393,0.10593345,-1.1794373,0.086659975,-0.14716426,0.44529995,-0.03799728,0.00012751448,0.010858541,0.39425396902007653,-0.7157062349541019,-0.576479308526976,0.9120863086349094,0.3815378091390121,0.15009152473790058,0.11252721232067175,-0.5849730638629669,0.8032086534905559,left_images/camera_left_31.png,right_images/camera_right_31.png
2025-05-15 15:16:00,1.5223274230957031,32,-0.0415209,-0.024388844,0.08996886,-0.27754977,-0.11457845,0.18959756,1.6323996e-07,0.051446844,0.004739307,0.021383505,0.9060440648919468,-0.15614655633330662,0.3933222666202958,0.24372781545276204,0.9523517651201713,-0.18336539326470047,-0.3459492801679199,0.26200070308635315,0.9009299235420891,0.07549659,-0.021253612,0.10577705,-1.2364467,0.107656695,-0.14032269,0.41863346,-0.037676647,0.0004292722,0.011302134,0.34729029331315997,-0.7188091088152295,-0.6022482189718081,0.9331527210915962,0.3284646276183062,0.1460718573953157,0.0928194553410509,-0.6127189025057275,0.784831252704916,left_images/camera_left_32.png,right_images/camera_right_32.png
2025-05-15 15:16:00,1.5737614631652832,33,-0.04027266,-0.030440047,0.09012741,-0.21284665,-0.108116515,0.17456712,2.0552358e-07,0.051493023,0.005086474,0.021150937,0.9121645021504334,-0.10400155350282979,0.396408372623044,0.18437106677366855,0.967992206299756,-0.17028916078150777,-0.36600987794510614,0.22841796210440365,0.902143006310352,0.0744169,-0.024564637,0.10556458,-1.2945894,0.1329051,-0.13722505,0.39196733,-0.03746239,0.00077017164,0.011767698,0.300864783477102,-0.7171438312109629,-0.6286375008057811,0.9511533297631877,0.2734765574029191,0.14324076176650477,0.06919339089593168,-0.6410267528794018,0.7643932082045293,left_images/camera_left_33.png,right_images/camera_right_33.png
2025-05-15 15:16:00,1.6202285289764404,34,-0.038431447,-0.0377393,0.090317115,-0.1499211,-0.105702125,0.15950957,2.0594624e-07,0.051549174,0.00563104,0.020901492,0.914846197831536,-0.049684957458652805,0.40073412546913706,0.12484127950507468,0.9785834294878424,-0.1636738417198938,-0.38401964695145224,0.19976455274683969,0.9014560633891909,0.071594596,-0.028045094,0.10528072,-1.3523693,0.1657009,-0.1280623,0.3652995,-0.03733351,0.0012074797,0.012291092,0.2504257982190712,-0.7080772559596904,-0.6602374718076338,0.9668337721700273,0.21826753727741333,0.1326338537566053,0.050193391774381924,-0.6715548240936462,0.7392528266153165,left_images/camera_left_34.png,right_images/camera_right_34.png
2025-05-15 15:16:00,1.6629416942596436,35,-0.036059134,-0.04593389,0.090519,-0.09654275,-0.10797775,0.14757401,1.2965178e-07,0.05164732,0.00636763,0.020646734,0.9150032982824406,0.00010077902476376271,0.40344634584519784,0.07277650968332128,0.9835544399430814,-0.16530046372156595,-0.3968281035543832,0.18061188640795342,0.8999482222425866,0.067827,-0.031213157,0.1049976,-1.4028577,0.20211256,-0.121448435,0.33863327,-0.03727031,0.0016250433,0.012807859,0.20681755968516968,-0.6926501238793537,-0.6909864708485882,0.9778332669077785,0.16993337775850792,0.12233049191450618,0.03268943459792639,-0.7009696519917962,0.7124415399540988,left_images/camera_left_35.png,right_images/camera_right_35.png
2025-05-15 15:16:00,1.7058744430541992,36,-0.032747477,-0.054744687,0.09082228,-0.043052115,-0.11536218,0.13691184,5.8627748e-08,0.0517899,0.007268535,0.020281292,0.9132248378364222,0.05310003456660084,0.4039811652635132,0.019481371476051973,0.9846477219567963,-0.17346279085355273,-0.406990014280513,0.1662806361977158,0.8981702947112147,0.06397798,-0.033855416,0.1047621,-1.4461335,0.23724708,-0.11756014,0.31196725,-0.037234016,0.0020039235,0.013271622,0.17027001599546465,-0.6746065212285322,-0.7182716499826804,0.9852595954336281,0.1287430484775295,0.11264438323625531,0.016481846342811524,-0.7268639962088166,0.6865836291060845,left_images/camera_left_36.png,right_images/camera_right_36.png
2025-05-15 15:16:00,1.757007360458374,37,-0.029082306,-0.063456155,0.09116488,0.008883469,-0.12416516,0.12712315,3.9077356e-08,0.0519637,0.008199099,0.01987104,0.9091123722768562,0.10545093845620399,0.40298237449279706,-0.032441080652161676,0.9824117041674867,-0.18388806323645582,-0.41528577011410706,0.1541017296899704,0.8965435773275566,0.059923787,-0.036489997,0.10460253,-1.4785848,0.2734267,-0.116701916,0.2853017,-0.037194695,0.0023577255,0.013677703,0.14435652766061502,-0.6530643968784821,-0.7434164959506311,0.989516870147973,0.09845241252580539,0.10565739993208412,0.004190061375425158,-0.7508754996652862,0.6604304864163049,left_images/camera_left_37.png,right_images/camera_right_37.png
2025-05-15 15:16:00,1.8018484115600586,38,-0.024929756,-0.071828246,0.09148664,0.064578824,-0.13374111,0.11656666,5.128948e-08,0.052209124,0.009114111,0.019456087,0.9017669396792867,0.16096203532246806,0.40113290775789323,-0.0876384181833018,0.9768844801155256,-0.19497748630995348,-0.42324448509080737,0.14066959761891668,0.8950285862171943,0.054796137,-0.03879359,0.104510106,-1.4959968,0.31366748,-0.111130305,0.25975415,-0.03719081,0.0026743722,0.014017854,0.12742848996853184,-0.6270608177189569,-0.7684768772227131,0.9918428619001354,0.08299685204958107,0.09674326771206898,0.0031172491220437526,-0.774536153727825,0.6325219595606291,left_images/camera_left_38.png,right_images/camera_right_38.png
2025-05-15 15:16:00,1.8474607467651367,39,-0.020197898,-0.07993423,0.09173615,0.12751493,-0.14379194,0.10444033,6.1216014e-08,0.05256368,0.01000602,0.019072417,0.8898396059353751,0.22218480363738624,0.39852150348681614,-0.1490811024374692,0.9670681165639137,-0.20628640968700165,-0.43123114521658235,0.12414979242085264,0.8936590672270125,0.049223963,-0.03953439,0.10450864,-1.5153956,0.3535745,-0.09959831,0.25464147,-0.03718967,0.002920099,0.014264772,0.10446969919024995,-0.6006100006580447,-0.7926876491157424,0.9945231720787905,0.065591934241639,0.08137172949360921,0.0031212416502563456,-0.7968471153690551,0.6041729326762137,left_images/camera_left_39.png,right_images/camera_right_39.png
2025-05-15 15:16:00,1.8922827243804932,40,-0.015801605,-0.08976888,0.09172298,0.19724317,-0.15703861,0.09281351,9.618788e-08,0.05309631,0.011085859,0.018941257,0.872422981790245,0.2906957211381232,0.3929047448888908,-0.21670000335111236,0.9506237461187281,-0.22216120692601565,-0.43808589271037446,0.10867608305042364,0.892339766894299,0.043849412,-0.0392965,0.10454891,-1.5372251,0.3898142,-0.09064755,0.2536857,-0.037209928,0.0030866945,0.014447995,0.08115857284055217,-0.5759723119575709,-0.8134305022020845,0.9967005303444717,0.04595231638345121,0.06690618379525182,-0.001157093571669654,-0.8161766233342178,0.577801333208241,left_images/camera_left_40.png,right_images/camera_right_40.png
2025-05-15 15:16:00,1.941523551940918,41,-0.0131433,-0.10064162,0.09150969,0.25534222,-0.17010868,0.081991166,1.09089235e-07,0.0536076,0.01224765,0.019089596,0.8530670221218358,0.34906385117249605,0.38785446184465777,-0.2719112459768026,0.931777249888455,-0.24053155905546092,-0.44535483614700566,0.09972755083192138,0.8897828305409925,0.03866535,-0.03853476,0.104618125,-1.5635942,0.4241297,-0.090318516,0.25351948,-0.037241194,0.0031813632,0.01460238,0.060817181532369535,-0.5518130307261505,-0.8317473471861987,0.998058670280329,0.022413409449234478,0.05810791473734178,-0.013422410689590492,-0.8336666109408971,0.5521049000811337,left_images/camera_left_41.png,right_images/camera_right_41.png
2025-05-15 15:16:00,1.9919648170471191,42,-0.010964771,-0.11179575,0.09120217,0.30362013,-0.1812882,0.06969691,3.5766766e-07,0.054109015,0.013400676,0.019368438,0.8328656018467979,0.3976999382760959,0.38492810803520294,-0.3159378520148664,0.9126484130432074,-0.2593379028101131,-0.45444269487428635,0.09438025887284278,0.8857619340491506,0.03270343,-0.03676782,0.10475136,-1.600075,0.46304518,-0.097261906,0.25392002,-0.0372769,0.0032184883,0.014738818,0.038596145029038464,-0.5230782486073472,-0.8514102908837594,0.9986375333929173,-0.009754764412491068,0.051263256531035195,-0.035120001250104615,-0.8522288368772364,0.5219890756587398,left_images/camera_left_42.png,right_images/camera_right_42.png
2025-05-15 15:16:00,2.0525693893432617,43,-0.008414964,-0.1239875,0.09089927,0.34527728,-0.18860702,0.056748744,5.598487e-07,0.054615248,0.014586966,0.019654764,0.8126443915521052,0.4388864582880943,0.3833898402543315,-0.3521380565274031,0.894012463360353,-0.2770207654697698,-0.4643359581423911,0.09011321816296768,0.8810628387852374,0.026149256,-0.033964194,0.10495878,-1.6398112,0.5067788,-0.106465146,0.2537406,-0.037306435,0.0032073634,0.014860809,0.016269481948507636,-0.48902761787291976,-0.8721165592480542,0.9981083462026779,-0.04377621017618871,0.04316680047403776,-0.05928771540279165,-0.8711691181281324,0.4873903306613395,left_images/camera_left_43.png,right_images/camera_right_43.png
2025-05-15 15:16:00,2.1084697246551514,44,-0.0055714427,-0.13748096,0.09077076,0.38655925,-0.19150363,0.043887515,6.352699e-07,0.05504545,0.015835376,0.019801937,0.7908935737518064,0.47759215515888087,0.3826134973165374,-0.38665096480926564,0.8746153827996208,-0.2924875443199884,-0.47432940706871685,0.08338864131863889,0.8763891533382139,0.019158747,-0.030721227,0.10521185,-1.6727574,0.55461085,-0.1143178,0.25352287,-0.03735133,0.003158994,0.014987836,-0.0011169750127852929,-0.4507379373889317,-0.892655624619703,0.9969367487295511,-0.07031128197711078,0.034255549321053624,-0.07820403697618644,-0.8898829335508727,0.4494357497746708,left_images/camera_left_44.png,right_images/camera_right_44.png
2025-05-15 15:16:01,2.157979965209961,45,-0.0022985789,-0.15027735,0.090791985,0.4283153,-0.19214842,0.031476896,6.1674416e-07,0.055424865,0.016999738,0.0198012,0.7678249862400647,0.5145100523264389,0.38173838759088635,-0.4204847982156562,0.8542715400218189,-0.3056348644678626,-0.4833604503628565,0.07415889672719682,0.8722746889949413,0.0128811225,-0.026528008,0.10544872,-1.7084595,0.6021725,-0.12631465,0.25347412,-0.03738751,0.0030474653,0.015180947,-0.016645519424022648,-0.4105058683246618,-0.9117060155302914,0.9948447715522448,-0.09802664495862518,0.025974167807985338,-0.10003403020105822,-0.9065736092282696,0.41002132121703466,left_images/camera_left_45.png,right_images/camera_right_45.png
2025-05-15 15:16:01,2.2094264030456543,46,0.0015923387,-0.16266726,0.090913065,0.47647128,-0.19089082,0.018258752,5.6527267e-07,0.055801705,0.01810646,0.019686941,0.7402107215934541,0.5541646362945414,0.3807750563241196,-0.45845671426502355,0.8302326685165036,-0.31706648714943697,-0.4918389256488514,0.060127132049551196,0.8686076209705273,0.0071000205,-0.021551691,0.105651386,-1.7390507,0.65362704,-0.13938846,0.25326493,-0.037413158,0.0028442086,0.0155079,-0.026158320767597776,-0.3656904234643345,-0.9303688819178635,0.9926114058343725,-0.11981050992163783,0.01918433527198049,-0.11848349784729556,-0.9229929338292862,0.3661225270849598,left_images/camera_left_46.png,right_images/camera_right_46.png
2025-05-15 15:16:01,2.266617774963379,47,0.0054080454,-0.17323515,0.091111034,0.52335054,-0.18791346,0.006803102,4.7259604e-07,0.056114852,0.019032786,0.01948816,0.7122682618454095,0.5903272388057992,0.3797205212938065,-0.49452888229497716,0.8059659449922879,-0.32536146066915944,-0.4981115414681735,0.04396187708241356,0.8659978323411618,0.0028439204,-0.016226303,0.10577131,-1.7650981,0.6982573,-0.15078568,0.25253052,-0.037438463,0.0025902584,0.015893165,-0.03334869405354757,-0.32541695201423504,-0.9449823659448298,0.9904323666746696,-0.13744279782349467,0.012377575273979924,-0.1339088930883081,-0.9355283451976297,0.32688701975399553,left_images/camera_left_47.png,right_images/camera_right_47.png
2025-05-15 15:16:01,2.3143346309661865,48,0.009574252,-0.1824776,0.091442704,0.56502324,-0.18418111,0.0005744785,2.887285e-07,0.05639475,0.019841151,0.019133583,0.6877763917803221,0.6209976040024299,0.37593298702412664,-0.5267351592062908,0.7832724993920593,-0.3302033672633272,-0.49951347025437093,0.02908895871903397,0.8658176052235701,0.000721135,-0.0101489015,0.10572487,-1.7886853,0.73350406,-0.15896663,0.2575594,-0.037453726,0.002260639,0.016395047,-0.04131866838715731,-0.29169784827688666,-0.9556176709088977,0.9880969160440305,-0.15377486556388803,0.00421606749049086,-0.1481797966896578,-0.9440686712477236,0.29457951697558515,left_images/camera_left_48.png,right_images/camera_right_48.png
2025-05-15 15:16:01,2.373154640197754,49,0.011985922,-0.189824,0.091858335,0.5946233,-0.18265565,0.0019927365,2.444271e-07,0.056520972,0.0205114,0.018745027,0.671180875936643,0.642925334213107,0.36900304389514904,-0.5507973330139374,0.7656747456570782,-0.3322115016186263,-0.4961235024886993,0.01972811420114412,0.8680278058843578,-8.076974e-05,-0.004090552,0.10557386,-1.8101059,0.7617104,-0.16560438,0.25401545,-0.03747013,0.0019218405,0.016949862,-0.049094726138071865,-0.26330446325967716,-0.9634627483680731,0.9856579189821418,-0.168705334907987,-0.004120281710924989,-0.16145641707043162,-0.9498469716754996,0.26781067153058247,left_images/camera_left_49.png,right_images/camera_right_49.png
2025-05-15 15:16:01,2.424628734588623,50,0.012406656,-0.19574164,0.09226513,0.6177557,-0.18253532,0.005450634,2.588762e-07,0.056490652,0.021071745,0.018431772,0.6577458744516377,0.6601560359190783,0.36271803495478283,-0.569971285370912,0.75102457755552,-0.33330889241090345,-0.49244603612424465,0.012493684290927537,0.8702533018370903,0.00022166649,0.0012810095,0.105364054,-1.8263762,0.78244436,-0.16704169,0.2534036,-0.037472073,0.0016285249,0.017491765,-0.05801242977904075,-0.2414350733534017,-0.9686814044596754,0.9835320100639764,-0.1801916945113955,-0.013990654331598462,-0.17117050905645587,-0.9535408006917949,0.24791248101982344,left_images/camera_left_50.png,right_images/camera_right_50.png
2025-05-15 15:16:01,2.479888916015625,51,0.010659893,-0.20080495,0.09270379,0.6406139,-0.18325864,0.010718406,2.8516635e-07,0.056279384,0.021562956,0.018165449,0.6438120020237428,0.6768427246400222,0.3569174024225372,-0.589280935212416,0.7361164787994213,-0.33298725055941913,-0.48811277943254117,0.0040565677379023335,0.8727711377061155,0.0011530227,0.005508378,0.10517282,-1.8385633,0.7973062,-0.16560975,0.2572743,-0.037444882,0.0014166641,0.017955147,-0.0669580528492214,-0.224960211531112,-0.9720645669843737,0.9817270612155495,-0.1887832630836359,-0.023934428269235808,-0.17812522683696813,-0.9559046933703024,0.23349008706346963,left_images/camera_left_51.png,right_images/camera_right_51.png
2025-05-15 15:16:01,2.527170181274414,52,0.009123829,-0.20497452,0.09315612,0.65925324,-0.18516324,0.01910355,4.0792906e-07,0.056092247,0.02198136,0.017857332,0.6334594522967213,0.6906353112109096,0.3489297768957929,-0.6061375358868561,0.7232009379485898,-0.331025211939046,-0.48096404219540995,-0.001808385713852223,0.8767384557872216,0.0027549982,0.008730137,0.10504247,-1.8474072,0.80759704,-0.16311526,0.25324196,-0.03735289,0.0012624501,0.018330133,-0.0746563548188621,-0.2125692428446514,-0.9742898673811669,0.9802477866172418,-0.1950760871197341,-0.0325514525951181,-0.1831412174174849,-0.9574756588188054,0.2229341993780586,left_images/camera_left_52.png,right_images/camera_right_52.png
2025-05-15 15:16:01,2.580958366394043,53,0.008141382,-0.20807005,0.09354326,0.671351,-0.18853177,0.02880528,4.9138305e-07,0.05598259,0.022311725,0.01756711,0.6278495327584921,0.7003356161379432,0.3396100543029177,-0.6183541568998355,0.7138048829995124,-0.328817161429792,-0.4726976844238151,-0.003551587636519471,0.8812175017358788,0.0048707253,0.011171998,0.10497528,-1.8535345,0.81448853,-0.1606447,0.25750363,-0.037199758,0.001142018,0.018627448,-0.08043629031896352,-0.20325311700907817,-0.9758166700901443,0.9791024376764506,-0.1995658154219482,-0.039139517766641874,-0.18678442048456767,-0.9585727180245986,0.21505795619594578,left_images/camera_left_53.png,right_images/camera_right_53.png
2025-05-15 15:16:01,2.6254220008850098,54,0.007356525,-0.21017365,0.093836464,0.6781136,-0.19320369,0.038099665,0.026666852,0.055927433,0.022560656,0.017341118,0.6255987876084028,0.7068176076063147,0.3302045222594361,-0.6264441724709894,0.7073928367795554,-0.3273577145113749,-0.4649665103209413,-0.002060109380417008,0.8853258723370209,0.00779175,0.013139711,0.1049696,-1.8575184,0.81846505,-0.15720503,0.25377166,-0.036960002,0.0010401446,0.018872699,-0.08551859611959792,-0.19622559763469083,-0.976822442693984,0.9781838289988544,-0.20283260091261915,-0.04489245696286198,-0.18932238748461133,-0.9593510571422386,0.20929066571922425,left_images/camera_left_54.png,right_images/camera_right_54.png
2025-05-15 15:16:01,2.6716885566711426,55,0.0073219347,-0.2115969,0.09403733,0.68221664,-0.1983701,0.046683807,0.053333737,0.055968724,0.02274254,0.017155984,0.6251862067335909,0.711589129816345,0.3205980618114845,-0.6323686581614107,0.7025947054878663,-0.32629826845319776,-0.45744080172761187,0.0012610105611161881,0.8892391819792717,0.01152166,0.014697437,0.10502873,-1.859991,0.82007474,-0.15310681,0.2533875,-0.03662934,0.00095647725,0.019073721,-0.09007890220383963,-0.19087472414919415,-0.9774725730467941,0.9774287040666179,-0.20526553358689725,-0.0499918912218596,-0.1910992408263386,-0.9599129650141494,0.20505652819001308,left_images/camera_left_55.png,right_images/camera_right_55.png
