Epoch Time (Seconds),Time (Seconds),Frame Number,PSM1_joint_1,PSM1_joint_2,PSM1_joint_3,PSM1_joint_4,PSM1_joint_5,PSM1_joint_6,PSM1_jaw_angle,PSM1_ee_x,PSM1_ee_y,PSM1_ee_z,"PSM1_Orientation_Matrix_[1,1]","PSM1_Orientation_Matrix_[1,2]","PSM1_Orientation_Matrix_[1,3]","PSM1_Orientation_Matrix_[2,1]","PSM1_Orientation_Matrix_[2,2]","PSM1_Orientation_Matrix_[2,3]","PSM1_Orientation_Matrix_[3,1]","PSM1_Orientation_Matrix_[3,2]","PSM1_Orientation_Matrix_[3,3]",PSM2_joint_1,PSM2_joint_2,PSM2_joint_3,PSM2_joint_4,PSM2_joint_5,PSM2_joint_6,PSM2_jaw_angle,PSM2_ee_x,PSM2_ee_y,PSM2_ee_z,"PSM2_Orientation_Matrix_[1,1]","PSM2_Orientation_Matrix_[1,2]","PSM2_Orientation_Matrix_[1,3]","PSM2_Orientation_Matrix_[2,1]","PSM2_Orientation_Matrix_[2,2]","PSM2_Orientation_Matrix_[2,3]","PSM2_Orientation_Matrix_[3,1]","PSM2_Orientation_Matrix_[3,2]","PSM2_Orientation_Matrix_[3,3]",Camera Left,Camera Right
2025-06-02 14:24:21,0.0017774105072021484,1,-0.08378649,0.08792835,0.11413675,0.1741298,-0.29856136,0.2449986,0.0037188972,0.036452994,-0.0053339144,0.0030993568,0.918100775658067,0.25603608944529876,0.30254997378551257,-0.21706648623478125,0.9635013661221369,-0.1566756459519515,-0.33162193276341195,0.07817057235516899,0.9401682058695264,0.028245445,-0.028005993,0.109013125,-0.17124352,0.06846971,0.009250196,0.2740184,-0.04113513,0.001904375,0.0049984884,0.8315240569137671,-0.12332520577979546,-0.5416259192404302,0.17069843821232492,0.9845950810851264,0.03787571114640906,0.5286111860011506,-0.12394926350061233,0.8397659162600686,left_images/camera_left_1.png,right_images/camera_right_1.png
2025-06-02 14:24:21,0.048859357833862305,2,-0.0923097,0.09215718,0.11406297,0.18635479,-0.30401757,0.26363724,0.0063757165,0.035920914,-0.005800246,0.003642532,0.9191581205993389,0.2666682180963433,0.28989034270498315,-0.23156969240463715,0.961191652978207,-0.14995360550731682,-0.31862803846477983,0.07070125672393218,0.9452393905258835,0.027573075,-0.02931377,0.10907303,-0.20579886,0.08578929,0.011893467,0.28798407,-0.041065678,0.0017566533,0.004992443,0.8242389625263191,-0.14353348991482703,-0.5477483636912188,0.2048964145970725,0.9773904387585877,0.052205263226618184,0.5278708098946201,-0.15526128782206516,0.8350127786836751,left_images/camera_left_2.png,right_images/camera_right_2.png
2025-06-02 14:24:21,0.10058760643005371,3,-0.10671043,0.09741046,0.11360694,0.18905316,-0.313552,0.28397545,0.0069963913,0.03505753,-0.006251805,0.004911256,0.9200352700193136,0.2718035900638909,0.28223732982876154,-0.23810111613152918,0.9598639819539259,-0.14821941385821752,-0.31119601606930775,0.06916606520493888,0.9478254559815628,0.026721967,-0.031014098,0.10946826,-0.24255793,0.106035575,0.017220372,0.30767947,-0.040790938,0.0016270606,0.0047314907,0.8139313870829977,-0.16386810453439,-0.5573714573221826,0.24127235789726564,0.9680924508550688,0.06771008722576127,0.5284915765041494,-0.18958969094793277,0.8274976753142128,left_images/camera_left_3.png,right_images/camera_right_3.png
2025-06-02 14:24:21,0.1585237979888916,4,-0.12705885,0.10326135,0.112585194,0.1875539,-0.3241238,0.30072927,0.0066107917,0.033963352,-0.0066686096,0.00705776,0.9186686442790148,0.27438018098737266,0.28418908898811307,-0.24038626247811282,0.9591739543558258,-0.14899587275227583,-0.313468286801649,0.06856268348558951,0.9471202624814307,0.026458189,-0.032012433,0.109984495,-0.28391588,0.12694585,0.023510465,0.3338628,-0.040361773,0.0014312082,0.004432726,0.8004071168405851,-0.18661587882975328,-0.5696691680963091,0.2820047244920824,0.9558057581723205,0.0831185178451854,0.528981835864982,-0.22717805002516098,0.8176602906535689,left_images/camera_left_4.png,right_images/camera_right_4.png
2025-06-02 14:24:21,0.21269750595092773,5,-0.14969866,0.108401276,0.1114607,0.17742373,-0.33085552,0.31553352,0.0034907893,0.03271113,-0.007010599,0.009470152,0.9174861442240898,0.26908366946958595,0.2929388229333814,-0.23368746425120046,0.9605992619423526,-0.150463374306345,-0.3218840539831948,0.06959193042724116,0.9442179933737513,0.026978783,-0.03284884,0.110499114,-0.33433342,0.15099575,0.030350909,0.35043472,-0.039804354,0.001193763,0.0042338907,0.7818847545104689,-0.21380249599318402,-0.5856148250951202,0.3311354719335754,0.9383176766122171,0.0995451504814719,0.5282097404359672,-0.2717506770260842,0.8044538766420564,left_images/camera_left_5.png,right_images/camera_right_5.png
2025-06-02 14:24:21,0.26412177085876465,6,-0.16758949,0.111892626,0.11084788,0.17085929,-0.33484584,0.32615712,0.0066835564,0.031587668,-0.007264292,0.011168708,0.9159252367467698,0.26566969859028505,0.3008331297269647,-0.22937935448313718,0.9615825919490765,-0.1508112416147926,-0.32934187773083606,0.06912691307619019,0.9416769071508997,0.026644388,-0.033628732,0.11098644,-0.3729389,0.17126802,0.0364165,0.36162814,-0.03936849,0.0010217937,0.003992153,0.7659947037040558,-0.23303394295622132,-0.5991221038549763,0.3684746939169132,0.9228475131234947,0.11215555030679121,0.5267622934874645,-0.30667189136283524,0.7927634181821008,left_images/camera_left_6.png,right_images/camera_right_6.png
2025-06-02 14:24:21,0.3195645809173584,7,-0.1866773,0.11520546,0.11077733,0.17478564,-0.3375531,0.33240384,0.007795438,0.0300493,-0.0076095895,0.012533405,0.9111754806450618,0.26928358633797034,0.3118422575601344,-0.23361194603889157,0.9611013972532194,-0.1473416535329746,-0.33938871834396966,0.061404025331162064,0.938639890231588,0.026342107,-0.034595687,0.11131627,-0.43203127,0.20296657,0.039642632,0.36683404,-0.038909193,0.00072295975,0.0039992617,0.742686949272375,-0.2603703562873485,-0.6169468153311856,0.42404425252801903,0.8959162976447368,0.1323648726532115,0.5182688175825808,-0.35991841461829444,0.7757938950134934,left_images/camera_left_7.png,right_images/camera_right_7.png
2025-06-02 14:24:21,0.3738062381744385,8,-0.2059912,0.11753841,0.11079305,0.16871579,-0.33641118,0.3385135,0.0042714775,0.028394932,-0.007880969,0.013900394,0.9077015582299869,0.263945905732239,0.3262061312024068,-0.2278537670723215,0.9628325211041385,-0.14503860567173532,-0.35236421784540795,0.05732447253518242,0.9341056486451397,0.027142545,-0.03585623,0.11159148,-0.48868832,0.23157778,0.044332173,0.37875116,-0.038352672,0.0005515185,0.004143151,0.7159580405879563,-0.28538129459863115,-0.6371511600952036,0.4761343857768967,0.8670547400922195,0.14667012089880876,0.5105880245347629,-0.40837922863047665,0.75665466021486,left_images/camera_left_8.png,right_images/camera_right_8.png
2025-06-02 14:24:21,0.42419981956481934,9,-0.22729255,0.11696007,0.11055208,0.15327781,-0.32996356,0.334815,0.0022394191,0.026612224,-0.007830866,0.015673712,0.9009421020130356,0.250726814966693,0.3541742411257354,-0.21143892051741475,0.9663846475498745,-0.14626789077010377,-0.37894183156622235,0.05689268174873035,0.9236700228180378,0.028146714,-0.03761775,0.11166606,-0.5496476,0.26119933,0.049385983,0.37070698,-0.0378347,0.0004740822,0.00452459,0.6840391957163323,-0.3106623198070545,-0.6599843193408862,0.5304497697280351,0.8329149041470204,0.1577206525640653,0.5007129122753157,-0.45797563854626533,0.734537197137703,left_images/camera_left_9.png,right_images/camera_right_9.png
2025-06-02 14:24:21,0.4790158271789551,10,-0.24542324,0.11669479,0.110536024,0.15095453,-0.32276222,0.33073908,0.0014226995,0.025029887,-0.007906893,0.01704432,0.8931855085270837,0.24565984366307836,0.37665752158777716,-0.20654674614264507,0.9681317035649836,-0.14163137438522827,-0.39944722932460136,0.04870570565955142,0.9154614493364014,0.029490491,-0.039044064,0.1117642,-0.6114034,0.29321718,0.052653998,0.38000968,-0.03724272,0.00037291273,0.0049596564,0.6498095642447255,-0.3318416602371972,-0.6838337829817277,0.5832646759805868,0.7945788388793019,0.16866175191335347,0.48739085749462013,-0.5084541093709845,0.7098764474853478,left_images/camera_left_10.png,right_images/camera_right_10.png
2025-06-02 14:24:21,0.5265886783599854,11,-0.26298237,0.11532786,0.110646434,0.1549279,-0.30998594,0.32326487,0.003267977,0.023397634,-0.007989394,0.01829562,0.8834872968251148,0.24166327733489756,0.40130917848512754,-0.2056371801336862,0.9697831652533242,-0.1312781875937873,-0.42090800241301835,0.033458523263887666,0.9064860620691763,0.031005137,-0.03979122,0.11174025,-0.6739209,0.32479066,0.053601358,0.39288813,-0.03669086,0.00024693448,0.0055344673,0.614090610272372,-0.3502668797979952,-0.7072523137409183,0.6339930397116117,0.7526367759502954,0.1777377536832713,0.4700484527924076,-0.557540129859476,0.6842539408901802,left_images/camera_left_11.png,right_images/camera_right_11.png
2025-06-02 14:24:22,0.5828254222869873,12,-0.2761799,0.114435665,0.11100566,0.16465874,-0.29984683,0.31576753,0.0022852586,0.02199555,-0.00812838,0.019055001,0.8744522209840331,0.24240905254078043,0.4202037178112217,-0.2108093092735398,0.9700228544698706,-0.12089291513458197,-0.4369127468267603,0.01713222263471236,0.8993407244242251,0.032423433,-0.04066774,0.11177869,-0.72785795,0.35287255,0.05588236,0.40628836,-0.036146343,0.00021684275,0.0060321074,0.5799434921944449,-0.3628961007771613,-0.7293640832273304,0.6759524318547719,0.7140700574708726,0.18218743890061287,0.45470194163972033,-0.5986738453150238,0.6594207846320823,left_images/camera_left_12.png,right_images/camera_right_12.png
2025-06-02 14:24:22,0.6313011646270752,13,-0.2874461,0.114622146,0.11131283,0.18450093,-0.2928355,0.30332217,0.00087244355,0.020807121,-0.008354239,0.01971979,0.8626800130854466,0.2508442878807884,0.43915867093850475,-0.22542798094447777,0.9680191001426609,-0.11009653566888108,-0.4527310685497406,-0.004020571672434768,0.8916380513264545,0.033089954,-0.041608013,0.11176651,-0.762309,0.37189966,0.05969564,0.4129234,-0.0358163,0.00026774034,0.0064014657,0.5553088250676854,-0.3690843508053855,-0.7452575734553215,0.7021203109768294,0.6883339536587816,0.18227297428382183,0.44571198964774017,-0.6244782704234291,0.641379538224611,left_images/camera_left_13.png,right_images/camera_right_13.png
2025-06-02 14:24:22,0.6827564239501953,14,-0.29512024,0.113964155,0.11183087,0.22502819,-0.27829778,0.278401,4.4555404e-07,0.019682702,-0.008682359,0.019969152,0.8443368003869595,0.2680435555890897,0.46394829433835644,-0.2562182307076358,0.9624427746740223,-0.08975591195468771,-0.4705821774837636,-0.04308779159956447,0.8813034984894318,0.03430812,-0.042811807,0.11153625,-0.79272676,0.3888838,0.06150399,0.41848415,-0.035587765,0.0003529688,0.0069588874,0.5336154288659805,-0.37318822416982583,-0.7589368375676249,0.7241802471107557,0.6651287505645267,0.18211731072876167,0.4368266747472966,-0.6467876734396253,0.6251785038817123,left_images/camera_left_14.png,right_images/camera_right_14.png
2025-06-02 14:24:22,0.7357845306396484,15,-0.30339745,0.11173615,0.11219916,0.2609058,-0.26081085,0.26251996,0.00066606904,0.018638827,-0.0088614505,0.020368721,0.8290925026175079,0.28071785336409527,0.4835319109491039,-0.28385796351395787,0.9564140609721433,-0.06853320745800472,-0.4816952134422205,-0.08043401505226307,0.87263972552791,0.03663186,-0.043315157,0.11165586,-0.82917076,0.40921566,0.06250655,0.43993342,-0.03502939,0.0003814462,0.0073533426,0.5077565303371807,-0.3759680509330593,-0.7751331050713446,0.7495326058121267,0.6363627849572238,0.18232739439253104,0.42471658635427806,-0.6735654612575401,0.6049176726435477,left_images/camera_left_15.png,right_images/camera_right_15.png
2025-06-02 14:24:22,0.7914643287658691,16,-0.31020525,0.10959759,0.11290985,0.31325015,-0.2415393,0.24051623,0.0020426598,0.017435968,-0.009146661,0.020445641,0.8079281129044532,0.3023058772438479,0.5058293397604339,-0.3260683243790273,0.944341511083408,-0.0435724486500219,-0.4908478503724982,-0.12973151902499597,0.8615324258297912,0.036934502,-0.043382246,0.11152334,-0.84661317,0.42563757,0.06692653,0.4387312,-0.034873642,0.00032812578,0.0077542155,0.4922761927846031,-0.37227877424567063,-0.7868117082654763,0.7622965432551467,0.6207497885050192,0.18323122062636582,0.42020010728074586,-0.6899842130926725,0.5893671652918363,left_images/camera_left_16.png,right_images/camera_right_16.png
2025-06-02 14:24:22,0.8433825969696045,17,-0.31646317,0.10785308,0.1133441,0.3440193,-0.22881836,0.23056129,0.0022011073,0.016537579,-0.009283457,0.020676637,0.794929354449596,0.31363845077649494,0.5193440513078673,-0.3509971778091851,0.9359581978376198,-0.027986301480229292,-0.49486190255902285,-0.1600411637519396,0.8541068570738611,0.03856445,-0.043877136,0.111571014,-0.87456536,0.44353482,0.06876451,0.45977587,-0.034463838,0.0003741862,0.008132475,0.4707402817981325,-0.37125614976127835,-0.8003577065019403,0.7808844469749423,0.5975412428301372,0.18210970207447363,0.41063739182550507,-0.7107132574966125,0.5711948862282473,left_images/camera_left_17.png,right_images/camera_right_17.png
2025-06-02 14:24:22,0.9008033275604248,18,-0.32051468,0.106129006,0.113889284,0.38429907,-0.21339728,0.21123508,2.0436504e-07,0.015659606,-0.009470551,0.020703916,0.7756502318123655,0.329057782470535,0.5385978961015329,-0.38374009631611455,0.9233695306865172,-0.011499925176281511,-0.5011090264291022,-0.19776168889685125,0.8424844556642824,0.039433017,-0.04506522,0.11153065,-0.8978773,0.46042925,0.071367644,0.45846185,-0.034193408,0.00049727573,0.008519921,0.45139638401934595,-0.368788056898924,-0.8125494899284441,0.7960729270439534,0.577815265095289,0.179992817219279,0.40312429760798485,-0.7280967576576456,0.5544059092095719,left_images/camera_left_18.png,right_images/camera_right_18.png
2025-06-02 14:24:22,0.9538102149963379,19,-0.32583517,0.10461362,0.114557154,0.42159855,-0.20340781,0.19782983,0.0014299187,0.0146490615,-0.009601072,0.020739507,0.7580513274712001,0.34542341347531547,0.5532095898863401,-0.4149720959104549,0.9098339852164391,0.0005281674512808698,-0.5031464444223326,-0.22996692103046829,0.8330419381381293,0.041391198,-0.04576597,0.11132735,-0.9307297,0.48297903,0.072366446,0.48364133,-0.03384659,0.00057100866,0.009220457,0.4259544855931553,-0.36433923789783795,-0.8281423162301832,0.8162234523667783,0.5496263707359732,0.17801721376894925,0.39031019972520287,-0.7517764111221001,0.5314980486049287,left_images/camera_left_19.png,right_images/camera_right_19.png
2025-06-02 14:24:22,1.004655361175537,20,-0.3300756,0.10250835,0.11511008,0.45114845,-0.18835251,0.18661569,0.0024305296,0.013764927,-0.009707336,0.020799091,0.7432341612316797,0.35362850080051955,0.5679347365673441,-0.4386304704836471,0.8985500440307789,0.014530269632040474,-0.50517946508299,-0.2599128734669801,0.8229453239824635,0.044642787,-0.04553306,0.11135712,-0.967198,0.50189126,0.0718504,0.50939107,-0.033279844,0.00062823924,0.009773634,0.39870587013102016,-0.36174486559909735,-0.8427183879183822,0.8370409716361475,0.5189902812798002,0.1732382744647611,0.37469459687254636,-0.7744609351993197,0.5097197454726617,left_images/camera_left_20.png,right_images/camera_right_20.png
2025-06-02 14:24:22,1.0518701076507568,21,-0.33420238,0.10196456,0.11555023,0.48465687,-0.17671762,0.17734128,0.00075448334,0.013019913,-0.009938759,0.020918924,0.7282449474442784,0.3651649757357512,0.579925716810169,-0.4658376312319175,0.8844246390968095,0.02807773293402341,-0.5026475881272248,-0.2905986893542134,0.8141853621230839,0.045232203,-0.045371532,0.11128412,-0.98706174,0.51646805,0.07286337,0.51098776,-0.033095118,0.0006326797,0.010140546,0.3829001746392378,-0.35715647917988025,-0.8519546382531602,0.8482610556148795,0.5011618993608367,0.1711430166736848,0.36584236740483145,-0.7882106317532583,0.4948569108366154,left_images/camera_left_21.png,right_images/camera_right_21.png
2025-06-02 14:24:22,1.1010236740112305,22,-0.33619565,0.10010143,0.116324194,0.51668394,-0.16443434,0.16676238,8.2180065e-08,0.012158748,-0.010038673,0.020654336,0.7128057670955049,0.37643172903478,0.5917829769191362,-0.49184973914825986,0.869799081810353,0.03915854161808824,-0.4999917724274846,-0.31898073712648045,0.8051456494616795,0.04703561,-0.0457956,0.1114949,-1.0170063,0.53250045,0.07095652,0.51706266,-0.03261701,0.00077336666,0.0103934575,0.3612342642227506,-0.3537658478669392,-0.8627627317139015,0.8636208984552272,0.4758637334412589,0.16647117151847246,0.35166567944972127,-0.8052350166742205,0.47741786499756556,left_images/camera_left_22.png,right_images/camera_right_22.png
2025-06-02 14:24:22,1.1523056030273438,23,-0.33863282,0.09919427,0.117264085,0.5694179,-0.13913648,0.15413815,6.203445e-08,0.011054719,-0.010502288,0.020417046,0.6902895308304391,0.3894488076274538,0.6097786400518197,-0.5329182055472227,0.843710515126557,0.0644263367048587,-0.4893858905017801,-0.36943496437456236,0.7899488953567474,0.048880413,-0.04692447,0.11190043,-1.03613,0.55202293,0.07946226,0.5437238,-0.032015145,0.0009816741,0.010548366,0.33787625511972863,-0.3429142364650274,-0.8764984099562733,0.8747969243374808,0.4579885564552906,0.15804057493467577,0.34723187842701286,-0.8201562708323373,0.45472377771394557,left_images/camera_left_23.png,right_images/camera_right_23.png
2025-06-02 14:24:22,1.2138938903808594,24,-0.33926916,0.098738275,0.11804906,0.59240985,-0.12749788,0.1458656,4.1775603e-08,0.010293959,-0.010718966,0.020062707,0.6784328445665229,0.3945596458254695,0.6197189373413212,-0.5507870298408827,0.8313904852792302,0.07364447532724278,-0.4861712899508104,-0.3912959837172448,0.7813609472928109,0.049220413,-0.047584645,0.1120598,-1.0591851,0.5666505,0.07830939,0.53960717,-0.031734183,0.0011361705,0.010717823,0.32066005797133335,-0.3381027884135426,-0.8847958135574606,0.8856974059417455,0.4381294782558484,0.15356648524766414,0.33573387128778676,-0.832903994917929,0.43994738653601584,left_images/camera_left_24.png,right_images/camera_right_24.png
2025-06-02 14:24:22,1.260648250579834,25,-0.34105557,0.097568326,0.11871073,0.6194389,-0.120442666,0.14195593,0.0010528251,0.009588867,-0.010792745,0.019838734,0.6665102981862318,0.40500166350640754,0.6258895069968365,-0.5720974733549185,0.8161661099536137,0.08110093676465163,-0.4779837898847813,-0.41212441509843645,0.7756835457112345,0.050880637,-0.04908469,0.1123691,-1.0758253,0.5812007,0.080536135,0.56481683,-0.03126935,0.001373871,0.01084842,0.3043308538576678,-0.3298643542974668,-0.8936286919935921,0.8937296837822857,0.4234721219590379,0.14804936423343829,0.3295906305049923,-0.8437184777444577,0.42368519751803524,left_images/camera_left_25.png,right_images/camera_right_25.png
2025-06-02 14:24:22,1.3135037422180176,26,-0.34343165,0.09682599,0.11945162,0.6484757,-0.099730685,0.1370727,3.1906865e-08,0.00866738,-0.01111898,0.019740634,0.6535617371603406,0.40589807834430347,0.6388300288154585,-0.5931529181747989,0.7989558042645988,0.09919293569921411,-0.4701347374749903,-0.44375260317919246,0.762926573000975,0.051799983,-0.049904235,0.11268954,-1.0844067,0.59471333,0.08863798,0.58528996,-0.030883508,0.0015253557,0.010902021,0.2893966657854157,-0.3201747085315393,-0.9020741243650813,0.8989561084532877,0.4146487555479684,0.1412243767805043,0.32882743940675796,-0.8517949081435419,0.4078209773343322,left_images/camera_left_26.png,right_images/camera_right_26.png
2025-06-02 14:24:22,1.3617255687713623,27,-0.34306905,0.09706853,0.119884096,0.67687994,-0.08732684,0.12879263,2.3757293e-08,0.008242827,-0.011380661,0.019560983,0.6394199276232702,0.412648836852268,0.6487396192639402,-0.6145423977457236,0.7813576862659611,0.10870973960984551,-0.46203874029261727,-0.46818917496838164,0.7532058808262434,0.05226204,-0.050995845,0.11299611,-1.0958548,0.60267246,0.08885065,0.57037425,-0.030593533,0.0017145752,0.010834045,0.27946082571069497,-0.3164921056667353,-0.9064956668091321,0.9039043714410584,0.40512780079522737,0.13721644330242555,0.32381867485190197,-0.8577320164675322,0.3992959475673396,left_images/camera_left_27.png,right_images/camera_right_27.png
2025-06-02 14:24:22,1.4182007312774658,28,-0.3440815,0.09684115,0.120346256,0.70418966,-0.07695126,0.12695539,0.00018190674,0.0077294135,-0.011584989,0.019448604,0.6284288780188403,0.4196024808268164,0.6549892391146307,-0.634374424329974,0.7637537782202789,0.11937024759236795,-0.45016245404075594,-0.4905241322689745,0.7461500121515605,0.053030472,-0.051453114,0.11312037,-1.1038464,0.610652,0.09378707,0.5970378,-0.03037493,0.001832901,0.010945847,0.26807584367017134,-0.311240688723702,-0.911737119856004,0.9080399911022352,0.3978104233426446,0.13118781055798734,0.32186754511689797,-0.8630620491961986,0.38926235707769136,left_images/camera_left_28.png,right_images/camera_right_28.png
2025-06-02 14:24:22,1.4684276580810547,29,-0.34326094,0.09686554,0.12075964,0.72748965,-0.068374775,0.12579998,7.412853e-09,0.007415476,-0.011780442,0.019188665,0.6198650970680565,0.4261989308777946,0.6588791488242995,-0.6509147720631626,0.7482159667581915,0.12838546100733383,-0.43826615309280914,-0.5084558372235778,0.7412121428083195,0.05486163,-0.0519413,0.11350117,-1.1213088,0.62173057,0.09352571,0.5993849,-0.029890072,0.0019984283,0.010976247,0.2535668729597327,-0.3048550722928885,-0.9180235431810672,0.9151853314763787,0.3829591985933643,0.12561075297600616,0.31327248520719764,-0.8720124065115278,0.37610465684710725,left_images/camera_left_29.png,right_images/camera_right_29.png
2025-06-02 14:24:22,1.5164852142333984,30,-0.34120172,0.096330546,0.12133292,0.77207917,-0.048354458,0.11755141,2.0222934e-08,0.0069432175,-0.012056562,0.018853374,0.5987115963954882,0.4362108075235246,0.6717622762117865,-0.682375048442852,0.716955981354575,0.1426128117053791,-0.4194147322212007,-0.543777759934675,0.726909231057252,0.056276675,-0.052435517,0.113913305,-1.1186814,0.6272393,0.10387795,0.5970975,-0.029492592,0.0020990595,0.010844466,0.24523459229318106,-0.29809187889891164,-0.9224972772194582,0.9155966108934243,0.383986306584261,0.1193204193600298,0.3186578743154996,-0.8738968749745558,0.3670986393960522,left_images/camera_left_30.png,right_images/camera_right_30.png
2025-06-02 14:24:22,1.5647058486938477,31,-0.3400196,0.09631107,0.121976614,0.8198613,-0.040962797,0.11438092,4.891408e-09,0.00647249,-0.012254032,0.018425878,0.5777177866546788,0.45559403339763604,0.6772564032294514,-0.7151165297166897,0.6825289892929238,0.15087255449795697,-0.3935104927556293,-0.5714790070573493,0.7201119611449098,0.058187462,-0.052902494,0.11429663,-1.1186581,0.63249904,0.112410754,0.620559,-0.029065132,0.0022074915,0.010770174,0.23634879105221623,-0.2918126595092934,-0.9268142320434387,0.9167338027051917,0.38314176131482314,0.11314382755702512,0.32208443605029197,-0.8763833422005967,0.35806962111784507,left_images/camera_left_31.png,right_images/camera_right_31.png
2025-06-02 14:24:23,1.6201221942901611,32,-0.34053114,0.09682829,0.12247707,0.8445202,-0.032347023,0.113544196,1.923341e-09,0.005977064,-0.012496918,0.018257242,0.5670805672204995,0.46075996487706006,0.6827297306016242,-0.7308328916183536,0.6637601998790976,0.15907759611339242,-0.37987223484960286,-0.5891711566454608,0.7131440481189038,0.06032472,-0.052029412,0.114617825,-1.1344676,0.6435047,0.113086514,0.63974214,-0.028592404,0.0022178045,0.010872455,0.22273864988661984,-0.2840917982010162,-0.9325659998314323,0.9231824263699653,0.3688368148707797,0.10813700401639476,0.3132438371115215,-0.8850148327519101,0.34442276974781927,left_images/camera_left_32.png,right_images/camera_right_32.png
2025-06-02 14:24:23,1.669299840927124,33,-0.33684894,0.09523801,0.12298428,0.9283066,-0.009005493,0.11075923,1.5553066e-08,0.0056381496,-0.012676697,0.017881904,0.5285755960541102,0.4855255515972198,0.6963280677972541,-0.7821776861134052,0.5973077821065204,0.17726105263500108,-0.32985740343718395,-0.6383481433991993,0.6954895694519608,0.06322406,-0.052370124,0.11527255,-1.1199025,0.6417839,0.12796888,0.62424093,-0.02799137,0.0022788048,0.0105159385,0.21921141823633822,-0.27928332331752403,-0.9348514210458966,0.9193687269712276,0.37992193992087075,0.10208067120697356,0.32666113632037275,-0.8818504095840072,0.3400475806918809,left_images/camera_left_33.png,right_images/camera_right_33.png
2025-06-02 14:24:23,1.7268314361572266,34,-0.33300325,0.09617006,0.12334754,0.96452326,-0.0027815006,0.11309693,3.5801904e-08,0.0056287646,-0.012936959,0.017380495,0.5147552361136689,0.49888798196545564,0.6972358484358047,-0.8020955879720522,0.5674409755613385,0.1861542559539384,-0.3027700689456093,-0.6550736757834432,0.69224906258242,0.064802505,-0.051945914,0.116053924,-1.1251338,0.65034986,0.13345206,0.63138473,-0.027348101,0.0023133655,0.01014862,0.20937602154221624,-0.27147622765749424,-0.9393946664847581,0.9222767334395152,0.3740399343991452,0.09746668369663963,0.32491123181461584,-0.8867890308813815,0.3286912018128405,left_images/camera_left_34.png,right_images/camera_right_34.png
2025-06-02 14:24:23,1.7757000923156738,35,-0.3297841,0.09588722,0.123448245,1.0176288,0.013252543,0.11982944,4.002272e-08,0.0056682895,-0.013149365,0.017227653,0.49430209696379634,0.5113673188376697,0.7029714803332827,-0.828609785931036,0.5216574070721766,0.2031732568672766,-0.26281411605261334,-0.6829180147510436,0.6815803148066828,0.067921124,-0.052119814,0.11672611,-1.1157264,0.64637804,0.14235513,0.63528347,-0.026722219,0.0023734625,0.009758182,0.20738891301525803,-0.2698194613612637,-0.9403123401450537,0.9195435910241914,0.381761121962932,0.09326322943120774,0.3338104596394254,-0.8839999457173744,0.3272837805437274,left_images/camera_left_35.png,right_images/camera_right_35.png
2025-06-02 14:24:23,1.8289425373077393,36,-0.32696295,0.095830545,0.12395739,1.0610105,0.026210876,0.12015832,6.2798797e-09,0.005367314,-0.0133235715,0.016828805,0.47316976575557823,0.520666002835168,0.7106456826481534,-0.8495878605223877,0.48307705014808344,0.21174756403136713,-0.2330468622998453,-0.7039484903825526,0.6709289700559382,0.07103485,-0.0513141,0.11708815,-1.1266192,0.6479676,0.14363948,0.63603425,-0.026198374,0.0024131723,0.009742426,0.19700339615799012,-0.26836000515709296,-0.9429594739617939,0.9237128695209329,0.37312379288239206,0.08679383541739505,0.32854862133879364,-0.8881224818780025,0.3213942448134925,left_images/camera_left_36.png,right_images/camera_right_36.png
2025-06-02 14:24:23,1.8786342144012451,37,-0.32343948,0.09457337,0.12421392,1.1222351,0.038065635,0.12971486,3.1107493e-08,0.0053301356,-0.013366047,0.016512211,0.4471623112561561,0.5370647684405605,0.7152672940180753,-0.8751777860371097,0.42782524267766653,0.2258968892104954,-0.18468814314740317,-0.7269986218884343,0.661334479331814,0.0739784,-0.050918307,0.11765309,-1.1010436,0.64621484,0.15935138,0.6296284,-0.025662888,0.0022739805,0.009450537,0.20133964470636145,-0.2603272055025713,-0.9442944951363099,0.915990739412377,0.39157406743765,0.08735396396902567,0.3470206229898783,-0.8825528288921616,0.3172966930715793,left_images/camera_left_37.png,right_images/camera_right_37.png
2025-06-02 14:24:23,1.9337804317474365,38,-0.3209641,0.09326522,0.124398336,1.1580745,0.04761831,0.13667397,2.4241338e-08,0.005285581,-0.01333992,0.016300296,0.4321083276667894,0.5441290920670805,0.7191703027289609,-0.8882816303840866,0.3944754665368556,0.23525486482264119,-0.15568602468815101,-0.7404813552458864,0.6537960111915763,0.076836295,-0.050758094,0.11842725,-1.095885,0.6488233,0.16747373,0.6300905,-0.02495414,0.0022908433,0.009080971,0.19661911643065155,-0.25397883411775507,-0.9470140837781746,0.9150199774556553,0.3945303912815331,0.08416775636959872,0.352249008389068,-0.8830857954782344,0.3099679240074561,left_images/camera_left_38.png,right_images/camera_right_38.png
2025-06-02 14:24:23,1.9877007007598877,39,-0.31960395,0.092644125,0.12461057,1.1880127,0.054893963,0.15178038,5.8166258e-08,0.0051902845,-0.013446673,0.016140195,0.4260380119292882,0.5493009675551606,0.7188602502811687,-0.8959799597541349,0.36626640877609407,0.25113508221919567,-0.1253456186323188,-0.7510774692701333,0.6482060714344271,0.07936734,-0.050154157,0.119299114,-1.0963807,0.6561817,0.1736029,0.6312725,-0.024183895,0.0022682946,0.00869322,0.18953021412856358,-0.2451028022689722,-0.9507906784630769,0.9163062973644905,0.3920804699400599,0.0815823173350676,0.35279040143200996,-0.8866778002247936,0.2989003366441101,left_images/camera_left_39.png,right_images/camera_right_39.png
2025-06-02 14:24:23,2.0401809215545654,40,-0.3167704,0.09158461,0.12482699,1.2282265,0.057791203,0.16425419,3.4526206e-08,0.0052285464,-0.013437829,0.015797175,0.4111913757246468,0.5615311813575663,0.7180559761556533,-0.907233842665782,0.32866015501238666,0.26250572799295857,-0.08859123687787357,-0.759384773925847,0.6445823127251,0.08231017,-0.05022836,0.1195675,-1.0754572,0.6536686,0.1827579,0.6217234,-0.023815334,0.0021650589,0.008633185,0.19590635320654715,-0.23883976124476491,-0.9510921454947756,0.9092866584296965,0.4073999998526463,0.08498831050103522,0.3671763521457614,-0.8814651488111187,0.2969860566698786,left_images/camera_left_40.png,right_images/camera_right_40.png
2025-06-02 14:24:23,2.089055299758911,41,-0.31739286,0.091781944,0.124968216,1.2519783,0.060751256,0.17649508,5.0384692e-08,0.005059394,-0.013584451,0.015828455,0.40617196360010366,0.5653733811916856,0.7178978171196213,-0.9115294919699736,0.3059848138083191,0.2747494840534742,-0.06432978512476223,-0.7659805699615164,0.6396369635873405,0.0839539,-0.048793267,0.11986996,-1.0804471,0.65804476,0.18352251,0.6103987,-0.023456834,0.0020366614,0.008594013,0.1913167669055058,-0.2345526397955982,-0.9530912620865541,0.9117767467308462,0.40198371585890036,0.08409670805201236,0.36340206221448285,-0.8850955605747819,0.2907658677167487,left_images/camera_left_41.png,right_images/camera_right_41.png
2025-06-02 14:24:23,2.1497721672058105,42,-0.31617436,0.09122267,0.12505688,1.2816558,0.060034025,0.19150497,5.6958292e-08,0.0051144524,-0.0136291385,0.0156743,0.3986382438412215,0.5748268213011898,0.7146059585953346,-0.9165044032696394,0.2779659053376028,0.28767105217106737,-0.033275055740734305,-0.7696161906967766,0.6376391531915477,0.08676956,-0.04893556,0.120313495,-1.076065,0.6614887,0.19102004,0.6142535,-0.022930536,0.0020670295,0.008517086,0.18625840641981267,-0.2277264299428623,-0.9557449864600026,0.9110343910166652,0.4042512239180386,0.0812236809413488,0.3678643016423938,-0.8858451450825062,0.2827617981816275,left_images/camera_left_42.png,right_images/camera_right_42.png
2025-06-02 14:24:23,2.2049472332000732,43,-0.31617633,0.090401374,0.12497838,1.3062954,0.06576087,0.20128182,3.070564e-08,0.005105001,-0.013614299,0.01583476,0.39072604305515896,0.5766081616111938,0.7175347986277858,-0.9204438680408462,0.253865205046378,0.2972129597658312,-0.01078170044395671,-0.7765793492168843,0.6299271936544866,0.09040177,-0.047979027,0.120734304,-1.0744951,0.6582776,0.19516271,0.5900088,-0.02236576,0.0020151495,0.008410764,0.18279450270342468,-0.22673421182469466,-0.956649239256292,0.9107324534673809,0.4055847248397721,0.0778937043536338,0.37034115080921354,-0.8854900497266363,0.28063286310128854,left_images/camera_left_43.png,right_images/camera_right_43.png
2025-06-02 14:24:23,2.2558977603912354,44,-0.3166862,0.09048765,0.1251033,1.3294922,0.071004406,0.21507646,5.697421e-08,0.0049304925,-0.013761027,0.01591212,0.38711285726504907,0.5774605539690519,0.7188066112313138,-0.9219330840769054,0.2309805677982416,0.3109459209959947,0.013528644593425343,-0.7830627598790262,0.6217955370265271,0.09311991,-0.047064938,0.121018074,-1.0700538,0.65208995,0.19578397,0.5919787,-0.021988776,0.001923085,0.008280466,0.18531668108392635,-0.2284079396850759,-0.9557654214297863,0.9088518534167168,0.40970211007481333,0.07831021351805967,0.3736924353703682,-0.8831613635622112,0.28351361459002083,left_images/camera_left_44.png,right_images/camera_right_44.png
2025-06-02 14:24:23,2.3039615154266357,45,-0.31858525,0.08920002,0.12533145,1.3592511,0.0784405,0.22373955,1.3234111e-08,0.0044940584,-0.013695927,0.016087256,0.37514405069096857,0.5766884213661368,0.7257392134185701,-0.9262072328629706,0.20151285995158152,0.3186420076927289,0.037511371922269,-0.7917215621267158,0.6097293375262025,0.09670672,-0.046032168,0.12146609,-1.0833176,0.65188646,0.19153306,0.600017,-0.021371124,0.0019255949,0.008210762,0.17854756831899515,-0.22899629847578312,-0.9569124626274673,0.9135167757613076,0.3998729231705207,0.07475791408090326,0.36552409804284947,-0.8875034313170024,0.28058829831357623,left_images/camera_left_45.png,right_images/camera_right_45.png
2025-06-02 14:24:23,2.349558115005493,46,-0.3199298,0.08740718,0.12557921,1.380888,0.08417198,0.23487985,0.0043364633,0.0041220095,-0.01358333,0.016159896,0.3694448811581528,0.5755803802463817,0.7295325254308194,-0.9274881981473782,0.18004341796955198,0.32764311368190113,0.057237418559613285,-0.7976788786982341,0.6003601289187681,0.10051484,-0.045379184,0.12166984,-1.0802214,0.6415539,0.18855876,0.5970974,-0.020958968,0.0018743125,0.008159887,0.18313823879224872,-0.23393080201066557,-0.9548490798878743,0.9115178706869262,0.4042151323540132,0.07579774531210909,0.36823301985352297,-0.884243465707649,0.28725935396933655,left_images/camera_left_46.png,right_images/camera_right_46.png
2025-06-02 14:24:23,2.402863025665283,47,-0.32532364,0.08700605,0.12586485,1.4141004,0.08839268,0.24907446,0.0020443592,0.003401116,-0.013654035,0.016616782,0.35997245123863164,0.5738418880418024,0.7356122088966921,-0.9289265105347551,0.14718721845919402,0.33975205775384065,0.08669124739542367,-0.8056310633601866,0.5860402864770992,0.10570617,-0.043384,0.12176542,-1.1017376,0.6424077,0.18163703,0.59456974,-0.020377297,0.0017977377,0.008534746,0.17263438408900683,-0.2341276792451194,-0.9567557678119866,0.9190993447922475,0.38757707991457657,0.07099578527878553,0.35419452823649145,-0.891609912986719,0.2820957270699874,left_images/camera_left_47.png,right_images/camera_right_47.png
2025-06-02 14:24:23,2.465019702911377,48,-0.33016664,0.08654312,0.1263254,1.44021,0.089846045,0.26064283,0.0014245309,0.002625328,-0.013705373,0.016860127,0.3527243242103933,0.5729377538785249,0.7398161131598529,-0.9292283282722488,0.12144902173664202,0.3489768603440267,0.1100920753128174,-0.8105507172903146,0.5752280153586693,0.11116747,-0.040830348,0.12163465,-1.1330857,0.64363575,0.17009827,0.6082678,-0.019890333,0.0017067456,0.009128674,0.15934548643727814,-0.23584676294779455,-0.9586372204119314,0.9294049868633958,0.3632721322857099,0.06511319603617105,0.33288945063717235,-0.9013377071395828,0.27708293224744307,left_images/camera_left_48.png,right_images/camera_right_48.png
2025-06-02 14:24:23,2.5301754474639893,49,-0.3354485,0.08755104,0.12689431,1.4541187,0.08436462,0.27506247,7.239129e-08,0.0018479582,-0.01397991,0.01697681,0.3553122906107834,0.5750069929208694,0.7369668474449971,-0.925885039313888,0.10818641832423126,0.36198424394563755,0.12841366794714115,-0.8109640294009801,0.5708303363540587,0.11543032,-0.037475448,0.12169381,-1.1846846,0.65098315,0.15215963,0.6087055,-0.019344982,0.0016534722,0.009599799,0.13733389634523852,-0.23686663088539311,-0.9617866707787328,0.9450814790031481,0.3220655062619447,0.055630996049504444,0.2965811844332981,-0.9166067907501234,0.2680887766970147,left_images/camera_left_49.png,right_images/camera_right_49.png
2025-06-02 14:24:24,2.582662343978882,50,-0.3390945,0.08896757,0.12738252,1.4804832,0.08366046,0.28268105,3.189222e-08,0.001175127,-0.014237251,0.017083878,0.3461641617676864,0.5760271320094458,0.740515439607202,-0.9258245533415189,0.08209502320938933,0.3689299440194941,0.15172102536449011,-0.813297700939344,0.5617184170998182,0.12214792,-0.033796284,0.121430025,-1.2520022,0.65090436,0.118624724,0.58204776,-0.018807564,0.0016333412,0.010391298,0.1178664677600611,-0.24380435756559743,-0.9626354091813747,0.9616823779066654,0.269669384436121,0.04945126006104256,0.24753686554036308,-0.9315781547083797,0.26624733213420626,left_images/camera_left_50.png,right_images/camera_right_50.png
2025-06-02 14:24:24,2.6329660415649414,51,-0.34357607,0.09107264,0.12807293,1.4924992,0.082685724,0.29178634,5.2186508e-08,0.00032040244,-0.014633108,0.017125845,0.34759670173191454,0.5745142641192227,0.7410194958762167,-0.9229171071128139,0.07011571503782249,0.37856016682061205,0.16553110385546643,-0.8154858348422018,0.5546010339226821,0.12845041,-0.028821694,0.120814405,-1.3343935,0.652932,0.073757224,0.55538726,-0.018522501,0.0015050425,0.011464524,0.09837971607720997,-0.2483540727679936,-0.9636605657616784,0.9779347502801781,0.2034619960398286,0.04740084769215408,0.18429610863773976,-0.9470604366707751,0.2628906115363337,left_images/camera_left_51.png,right_images/camera_right_51.png
2025-06-02 14:24:24,2.6973021030426025,52,-0.34729284,0.093615845,0.12891655,1.4949241,0.087157175,0.2975433,4.346722e-08,-0.0006323145,-0.015093313,0.017059999,0.35354997939280963,0.5680003097359625,0.7432214072611167,-0.9199074947618697,0.06704407847427873,0.3863616086291124,0.16962491901924237,-0.8202930815759606,0.5462111745161664,0.13490202,-0.02050973,0.11995532,-1.4457946,0.6598887,0.0062697586,0.53676295,-0.018369755,0.0010898898,0.012833869,0.08008313667227107,-0.24598335600806032,-0.9659600818811005,0.992346821978907,0.11105299256822876,0.05399090432660242,0.09399189395417978,-0.9628911783834415,0.2529942735760109,left_images/camera_left_52.png,right_images/camera_right_52.png
2025-06-02 14:24:24,2.7536683082580566,53,-0.3504673,0.0956182,0.12947945,1.5088193,0.095826395,0.30047974,2.1951225e-08,-0.001406535,-0.015422379,0.0172025,0.3507431115699363,0.5598181744297879,0.7507215737304602,-0.9191315954317905,0.05223716758265928,0.3904720074498973,0.17937775772166026,-0.8269672846618787,0.5328683985129055,0.13948849,-0.014012002,0.11925794,-1.5264481,0.66620946,-0.04109708,0.5278299,-0.018339206,0.0007693342,0.013907396,0.06617639477475873,-0.23869518359063852,-0.9688370833660562,0.9974022399171993,0.04350983165907457,0.05740789455425305,0.02845095047214652,-0.9701193245573609,0.24095443456720428,left_images/camera_left_53.png,right_images/camera_right_53.png
2025-06-02 14:24:24,2.79996395111084,54,-0.35357764,0.09768892,0.13007174,1.5044879,0.100608096,0.3066572,5.1260425e-08,-0.0021107434,-0.015815383,0.017234571,0.36079976624507415,0.5527219249816901,0.7512136861919083,-0.9154242819543204,0.055814713140612426,0.39860143226718125,0.17838697454107183,-0.8314945528634364,0.5261130067509423,0.14315826,-0.008147255,0.11877771,-1.59992,0.6710521,-0.08583313,0.54964006,-0.018289823,0.00049317157,0.014707049,0.05557420400596624,-0.2303289092859458,-0.9715246272721293,0.9979622319440451,-0.017738890371305494,0.0612920499057964,-0.03135109985890561,-0.9729511423065093,0.2288737276799056,left_images/camera_left_54.png,right_images/camera_right_54.png
2025-06-02 14:24:24,2.85145902633667,55,-0.3565927,0.09835062,0.1305787,1.5041147,0.107177444,0.3097563,1.8073715e-08,-0.0027941884,-0.015985528,0.017331101,0.36545234115124936,0.5446974840529158,0.7548173535455409,-0.913776948205648,0.05542598754534861,0.4024172571257292,0.1773591702592318,-0.8367990265117702,0.5179875615822358,0.14561039,-0.0027653433,0.11845346,-1.6576538,0.67674327,-0.119947806,0.54336053,-0.018263113,0.00021112332,0.015292775,0.047185758291299396,-0.22034128413330606,-0.9742808746562568,0.9958271048259466,-0.06589864122458328,0.06313276786841143,-0.07811454095396159,-0.9731942702211307,0.2163123456955532,left_images/camera_left_55.png,right_images/camera_right_55.png
2025-06-02 14:24:24,2.9003844261169434,56,-0.35898864,0.09963145,0.13123968,1.4990442,0.11031442,0.31463656,3.920634e-08,-0.0034875143,-0.0162738,0.01721722,0.373997242665786,0.5394173115399687,0.7544236386072359,-0.9107333265237514,0.05995148191381988,0.40862039569179465,0.1751881001591462,-0.839901651282654,0.5136870114527908,0.14958698,0.0015628826,0.11826816,-1.7065867,0.6812603,-0.14523135,0.5700257,-0.018036688,4.3970475e-05,0.015864696,0.0369559676296119,-0.2089857942520449,-0.9772201360273952,0.9925252230405127,-0.10613956319829371,0.06023350191094401,-0.11630966462396553,-0.9721416208171098,0.20350118179053234,left_images/camera_left_56.png,right_images/camera_right_56.png
