Epoch Time (Seconds),Time (Seconds),Frame Number,PSM1_joint_1,PSM1_joint_2,PSM1_joint_3,PSM1_joint_4,PSM1_joint_5,PSM1_joint_6,PSM1_jaw_angle,PSM1_ee_x,PSM1_ee_y,PSM1_ee_z,"PSM1_Orientation_Matrix_[1,1]","PSM1_Orientation_Matrix_[1,2]","PSM1_Orientation_Matrix_[1,3]","PSM1_Orientation_Matrix_[2,1]","PSM1_Orientation_Matrix_[2,2]","PSM1_Orientation_Matrix_[2,3]","PSM1_Orientation_Matrix_[3,1]","PSM1_Orientation_Matrix_[3,2]","PSM1_Orientation_Matrix_[3,3]",PSM2_joint_1,PSM2_joint_2,PSM2_joint_3,PSM2_joint_4,PSM2_joint_5,PSM2_joint_6,PSM2_jaw_angle,PSM2_ee_x,PSM2_ee_y,PSM2_ee_z,"PSM2_Orientation_Matrix_[1,1]","PSM2_Orientation_Matrix_[1,2]","PSM2_Orientation_Matrix_[1,3]","PSM2_Orientation_Matrix_[2,1]","PSM2_Orientation_Matrix_[2,2]","PSM2_Orientation_Matrix_[2,3]","PSM2_Orientation_Matrix_[3,1]","PSM2_Orientation_Matrix_[3,2]","PSM2_Orientation_Matrix_[3,3]",Camera Left,Camera Right
2025-06-02 14:44:52,0.001697540283203125,1,-0.07381554,-0.014321152,0.11373318,0.031232921,0.08570575,0.11985765,0.5235896,0.03537776,6.346626e-05,0.003167943,0.887471611433967,-0.014415157292828159,0.4606368875144728,-0.022477183683053795,0.9969673645359362,0.07450402850818284,-0.4603139310432352,-0.07647403017033223,0.8844562214134915,-0.00090618804,1.9074658e-05,0.107087806,0.00070370093,0.00011565693,-0.014005227,0.005959486,-0.04523655,-4.347822e-06,0.0047314344,0.8732870267041586,0.00067667784036986,-0.4872056148047869,-0.0007055760580121622,0.9999997433693004,0.00012419242935595936,0.4872055738111341,0.00023530497976392153,0.8732872800395812,left_images/camera_left_1.png,right_images/camera_right_1.png
2025-06-02 14:44:52,0.04533576965332031,2,-0.073815815,-0.014318627,0.11373318,0.03125547,0.085688084,0.119865045,0.5235896,0.03537767,6.347016e-05,0.0031680344,0.8874741736799421,-0.014388251884099893,0.46063279220961223,-0.022500785117614962,0.9969677260299665,0.07449206617975275,-0.4603078379956124,-0.07647438435422309,0.8844593618801531,-0.00090618804,1.9074658e-05,0.107087806,0.00070370093,0.00011565693,-0.014005227,0.005959486,-0.04523655,-4.347822e-06,0.0047314344,0.8732870267041586,0.00067667784036986,-0.4872056148047869,-0.0007055760580121622,0.9999997433693004,0.00012419242935595936,0.4872055738111341,0.00023530497976392153,0.8732872800395812,left_images/camera_left_2.png,right_images/camera_right_2.png
2025-06-02 14:44:52,0.09620189666748047,3,-0.07381595,-0.014316718,0.11373318,0.031272154,0.08567489,0.11987051,0.5235896,0.035377823,6.353232e-05,0.003168039,0.8874763813126069,-0.014368227334542252,0.4606291639220683,-0.02251821647619951,0.9969680088227529,0.0744830135717314,-0.46030272923263427,-0.07647446258234589,0.8844620139009532,-0.00090618804,1.9074658e-05,0.107087806,0.00070370093,0.00011565693,-0.014005227,0.005959486,-0.04523655,-4.347822e-06,0.0047314344,0.8732870267041586,0.00067667784036986,-0.4872056148047869,-0.0007055760580121622,0.9999997433693004,0.00012419242935595936,0.4872055738111341,0.00023530497976392153,0.8732872800395812,left_images/camera_left_3.png,right_images/camera_right_3.png
2025-06-02 14:44:53,0.15012335777282715,4,-0.07381618,-0.014315226,0.11373318,0.0312846,0.085665084,0.11987452,0.5235896,0.03537767,6.3543615e-05,0.0031679962,0.8874777867334863,-0.014353056293259893,0.46062692911908093,-0.02253146756970876,0.9969682225558522,0.07447614505987593,-0.46029937108776003,-0.07647452509736188,0.8844637561750879,-0.00090618804,1.9074658e-05,0.107087806,0.00070370093,0.00011565693,-0.014005227,0.005959486,-0.04523655,-4.347822e-06,0.0047314344,0.8732870267041586,0.00067667784036986,-0.4872056148047869,-0.0007055760580121622,0.9999997433693004,0.00012419242935595936,0.4872055738111341,0.00023530497976392153,0.8732872800395812,left_images/camera_left_4.png,right_images/camera_right_4.png
2025-06-02 14:44:53,0.19826245307922363,5,-0.07381618,-0.014313906,0.11373318,0.031293757,0.08565758,0.119877614,0.5235896,0.035377726,6.344332e-05,0.0031680437,0.8874789468422306,-0.014342383163083394,0.4606250264119484,-0.022540727358151547,0.9969683785847744,0.07447125426774509,-0.4602966809808326,-0.07647449344225149,0.8844651589128768,-0.00090618804,1.9074658e-05,0.107087806,0.00070370093,0.00011565693,-0.014005227,0.005959486,-0.04523655,-4.347822e-06,0.0047314344,0.8732870267041586,0.00067667784036986,-0.4872056148047869,-0.0007055760580121622,0.9999997433693004,0.00012419242935595936,0.4872055738111341,0.00023530497976392153,0.8732872800395812,left_images/camera_left_5.png,right_images/camera_right_5.png
2025-06-02 14:44:53,0.24631023406982422,6,-0.07381618,-0.0143130645,0.11373318,0.031300545,0.08565218,0.11987986,0.5235896,0.035377715,6.348087e-05,0.0031681806,0.8874798389709744,-0.014334146408662733,0.4606235639508559,-0.022547881773123404,0.9969684976128097,0.07446749489006668,-0.4602946104915834,-0.0764744860354869,0.8844662370820096,-0.00090618804,1.9074658e-05,0.107087806,0.00070370093,0.00011565693,-0.014005227,0.005959486,-0.04523655,-4.347822e-06,0.0047314344,0.8732870267041586,0.00067667784036986,-0.4872056148047869,-0.0007055760580121622,0.9999997433693004,0.00012419242935595936,0.4872055738111341,0.00023530497976392153,0.8732872800395812,left_images/camera_left_6.png,right_images/camera_right_6.png
2025-06-02 14:44:53,0.29670000076293945,7,-0.07381575,-0.014315608,0.11373318,0.03127408,0.08567268,0.11987115,0.5235896,0.03537778,6.342761e-05,0.0031681266,0.887476598036421,-0.01436594304740495,0.4606288176157237,-0.02252034934334245,0.996968018010087,0.07448224574012685,-0.4603022070370234,-0.07647477195387736,0.8844622589186312,-0.00090618804,1.9074658e-05,0.107087806,0.00070370093,0.00011565693,-0.014005227,0.005959486,-0.04523655,-4.347822e-06,0.0047314344,0.8732870267041586,0.00067667784036986,-0.4872056148047869,-0.0007055760580121622,0.9999997433693004,0.00012419242935595936,0.4872055738111341,0.00023530497976392153,0.8732872800395812,left_images/camera_left_7.png,right_images/camera_right_7.png
2025-06-02 14:44:53,0.34081196784973145,8,-0.07381571,-0.014317817,0.11373318,0.031254493,0.08568797,0.11986493,0.5235896,0.03537777,6.34825e-05,0.0031680902,0.887474338666993,-0.014389174716518512,0.4606324455122117,-0.022500029262427303,0.9969676979350913,0.07449267049310417,-0.4603075568473465,-0.07647457698465406,0.8844594915451159,-0.00090618804,1.9074658e-05,0.107087806,0.00070370093,0.00011565693,-0.014005227,0.005959486,-0.04523655,-4.347822e-06,0.0047314344,0.8732870267041586,0.00067667784036986,-0.4872056148047869,-0.0007055760580121622,0.9999997433693004,0.00012419242935595936,0.4872055738111341,0.00023530497976392153,0.8732872800395812,left_images/camera_left_8.png,right_images/camera_right_8.png
2025-06-02 14:44:53,0.4202284812927246,9,-0.07381571,-0.014319355,0.11373318,0.031239923,0.08569923,0.11986008,0.5235896,0.035377733,6.344955e-05,0.0031682001,0.8874724112786709,-0.014406788998567616,0.4606356083174337,-0.02248463900978344,0.9969674579205324,0.07450052923349651,-0.46031202485685857,-0.07647438968845777,0.884457182397179,0.0071846065,-0.0043121544,0.108195886,0.0019261364,0.011145042,-0.026092753,0.032627136,-0.044005528,0.0002738183,0.004167849,0.875229309249478,0.005120939760964536,-0.48368112657684476,-0.0021037529784076123,0.9999747999811217,0.006780385396207147,0.4837036597484941,-0.0049168464161320445,0.8752180266466366,left_images/camera_left_9.png,right_images/camera_right_9.png
2025-06-02 14:44:53,0.4697284698486328,10,-0.073815495,-0.014320483,0.11373318,0.031229163,0.08570755,0.11985655,0.5235896,0.03537777,6.341864e-05,0.0031679478,0.8874712214836646,-0.014419750001160268,0.4606374950524507,-0.02247325722480536,0.9969672844931214,0.07450628403107552,-0.460314874567399,-0.07647420781097118,0.8844557149974691,0.013691016,-0.008062255,0.109359495,-0.0003321779,0.019743158,-0.035947584,0.059293568,-0.04286866,0.0005407097,0.0034931386,0.876839663115535,0.0056953234141020135,-0.4807491741840478,-8.827081834816147e-05,0.9999317246200335,0.011684960704598025,0.48078290048180555,-0.010203400884712567,0.8767802992852246,left_images/camera_left_10.png,right_images/camera_right_10.png
2025-06-02 14:44:53,0.5246407985687256,11,-0.073815495,-0.014321576,0.11373318,0.031221228,0.08571405,0.11985408,0.5235896,0.035377726,6.3398795e-05,0.0031681983,0.8874701219224602,-0.014429445391330308,0.460639309873389,-0.022464800589435056,0.9969671507421158,0.07451062391111839,-0.46031740726308673,-0.07647412272687949,0.884454404208461,0.01824726,-0.0106467055,0.11018607,-0.004456425,0.026630336,-0.04362586,0.08596003,-0.042065956,0.00071110245,0.003016091,0.8783076098148282,0.004429043426254473,-0.4780754397746153,0.003754894289192217,0.9998623448913188,0.016161436734107453,0.4780812099531213,-0.01598983560772024,0.8781700756954758,left_images/camera_left_11.png,right_images/camera_right_11.png
2025-06-02 14:44:53,0.5840511322021484,12,-0.07381562,-0.014322351,0.11373318,0.031215288,0.08571881,0.11985229,0.5235896,0.035377674,6.348401e-05,0.0031680567,0.887469462008825,-0.014436368736620072,0.4606403643401938,-0.022458767896234324,0.9969670507998443,0.07451377969237236,-0.4603189739152072,-0.07647411900218706,0.8844535891591427,0.021164542,-0.012868315,0.11083083,-0.012087165,0.0317648,-0.051065195,0.11262657,-0.041507185,0.0008720545,0.0026064208,0.8803608903674651,-0.0005350556718557754,-0.4743041391626602,0.011105463636258537,0.9997484668621144,0.01948516574924285,0.4741744103057733,-0.0224213452379589,0.8801453924715463,left_images/camera_left_12.png,right_images/camera_right_12.png
2025-06-02 14:44:53,0.6414415836334229,13,-0.07381562,-0.014322849,0.11373318,0.03121092,0.08572227,0.119850874,0.5235896,0.035377614,6.3475454e-05,0.0031680642,0.8874689957276867,-0.014441965804853595,0.4606410872314615,-0.022453781246741654,0.9969669863724056,0.07451614450068708,-0.46032011614724705,-0.07647390213148042,0.8844530134286218,0.02363299,-0.014974292,0.11134957,-0.022380289,0.037562124,-0.05760942,0.13929312,-0.041045465,0.001006563,0.002287359,0.8820628168111132,-0.007336794032465481,-0.47107468479272974,0.021038650716578566,0.9994946955267607,0.0238270600346258,0.470661834415401,-0.03092773944524612,0.881771462771129,left_images/camera_left_13.png,right_images/camera_right_13.png
2025-06-02 14:44:53,0.698143482208252,14,-0.0738154,-0.014323239,0.11373318,0.031207649,0.08572484,0.11984953,0.5235896,0.03537765,6.341009e-05,0.0031681322,0.8874683885434124,-0.014445851232683216,0.4606421351964262,-0.022450492750378047,0.9969669204765568,0.07451801695400037,-0.4603214471555987,-0.0764740273403634,0.8844523098680456,0.024928402,-0.016755523,0.111570045,-0.032079127,0.042985737,-0.06235922,0.16595957,-0.04083663,0.0011074851,0.0021638814,0.8833809640644865,-0.013654639356096636,-0.46845663956502237,0.030373283958538853,0.9991420803338049,0.028152565208353013,0.46767032827631083,-0.03909800673041452,0.8830378304011874,left_images/camera_left_14.png,right_images/camera_right_14.png
2025-06-02 14:44:53,0.759899377822876,15,-0.073815264,-0.014323473,0.11373318,0.031205246,0.08572668,0.11984864,0.5235896,0.03537777,6.357161e-05,0.0031681852,0.8874682937262223,-0.01444844879245757,0.46064223640278523,-0.022448166864874025,0.9969668892179829,0.07451913584727782,-0.4603217433872471,-0.07647394412811467,0.8844521628863913,0.025993269,-0.01848597,0.111770995,-0.040447135,0.04692436,-0.06738184,0.19262642,-0.04066264,0.001230312,0.002042259,0.884889055157726,-0.019573306815863396,-0.46539042289497023,0.03842493520111215,0.9987788300192394,0.031054356541228092,0.46421426563264667,-0.04536225706125588,0.8845605582533347,left_images/camera_left_15.png,right_images/camera_right_15.png
2025-06-02 14:44:53,0.8175044059753418,16,-0.073815264,-0.014323417,0.11373318,0.0312035,0.08572789,0.11984812,0.5235896,0.035377786,6.35375e-05,0.0031682197,0.8874679983896872,-0.01445072762278941,0.46064273391140576,-0.02244615710482432,0.9969668623856515,0.07452010021554571,-0.46032241077904057,-0.07647386335266045,0.8844518225197406,0.026228726,-0.019989258,0.11188121,-0.054918382,0.051047835,-0.07346177,0.21929303,-0.04061952,0.0013175849,0.0019485308,0.8868787227105208,-0.030486079983168664,-0.46099536888196047,0.0524580245820798,0.9980123642235826,0.03492100390596917,0.4590144734758381,-0.05515360173292988,0.8867151703650864,left_images/camera_left_16.png,right_images/camera_right_16.png
2025-06-02 14:44:53,0.8914756774902344,17,-0.073815264,-0.01432339,0.11373318,0.031202216,0.08572879,0.11984767,0.5235896,0.035377726,6.339449e-05,0.0031681638,0.8874678624164443,-0.014452450043536846,0.4606429418386072,-0.022444960018891597,0.9969667862683476,0.07452147910175573,-0.46032273129592216,-0.07647453017509902,0.8844515980463602,0.02637568,-0.021507354,0.11197308,-0.06701908,0.054666225,-0.07834999,0.24595967,-0.040585726,0.0014169291,0.0018701712,0.8883039526251959,-0.039642470681300515,-0.45754186941605224,0.06416253897066922,0.9972092469380989,0.03816918146865357,0.45475186238573106,-0.06326288279419365,0.8883684772194909,left_images/camera_left_17.png,right_images/camera_right_17.png
2025-06-02 14:44:53,0.957294225692749,18,-0.07381483,-0.014326831,0.11373318,0.031169662,0.08575439,0.11983714,0.5235896,0.03537768,6.3445186e-05,0.0031680586,0.8874639165135749,-0.01449135746398573,0.46064932155082716,-0.022410902612450226,0.9969662552776823,0.07453883069709662,-0.46033199794331225,-0.07647408970655452,0.8844468131397569,0.02620392,-0.022721399,0.111956775,-0.084023125,0.060108695,-0.0837131,0.27262625,-0.040635616,0.0014411011,0.0018693963,0.8895811963295034,-0.051838900327137276,-0.4538259837755469,0.08050083381456129,0.9957806253874993,0.04405180879420631,0.4496275246157982,-0.07572103086827366,0.8900007947143171,left_images/camera_left_18.png,right_images/camera_right_18.png
2025-06-02 14:44:53,1.0136444568634033,19,-0.07381455,-0.014329591,0.11373318,0.031145522,0.08577339,0.11982938,0.5235896,0.03537773,6.3405954e-05,0.0031680893,0.887460990602628,-0.01452055133619811,0.4606540391090639,-0.02238548037805048,0.9969658329214185,0.07455211771335493,-0.4603388756414627,-0.07647405819096334,0.8844432361644013,0.025833974,-0.024164237,0.11187079,-0.09967267,0.063545786,-0.08896496,0.29929286,-0.040741522,0.0015265029,0.0019154539,0.8907321265924794,-0.06405079982012482,-0.44999308183397885,0.09561450999802179,0.9942729509237148,0.047740596344061415,0.44435812599059993,-0.08554995092839457,0.8917550458294429,left_images/camera_left_19.png,right_images/camera_right_19.png
2025-06-02 14:44:53,1.0707111358642578,20,-0.07381434,-0.014331683,0.11373318,0.031127634,0.08578754,0.1198236,0.5235896,0.035377864,6.336509e-05,0.0031681145,0.8874587718367968,-0.01454190109611242,0.46065764012163674,-0.022366745170917225,0.996965549505999,0.07456153035353325,-0.46034406371798015,-0.07647369620145539,0.8844405671320735,0.024971742,-0.025250388,0.11175086,-0.11474278,0.06795038,-0.09301766,0.32595938,-0.04090066,0.0015528591,0.0019685477,0.8914142800704488,-0.07510045315247801,-0.4469233751134261,0.11003602324437253,0.992530038128778,0.052689628966718506,0.43962785953013445,-0.09614595856498082,0.8930192045956087,left_images/camera_left_20.png,right_images/camera_right_20.png
2025-06-02 14:44:54,1.1351392269134521,21,-0.073814206,-0.014333154,0.11373318,0.031114422,0.085797876,0.11981945,0.5235896,0.035377923,6.351137e-05,0.0031682206,0.887457286611156,-0.014557640568798548,0.4606600042784638,-0.02235294973675385,0.996965333482323,0.07456855552139167,-0.46034759701646194,-0.07647351787089689,0.8844387434896884,0.024499737,-0.026074909,0.111609675,-0.13535683,0.07389005,-0.09709318,0.35262597,-0.041021314,0.001516227,0.002071756,0.8910936186456407,-0.08981060717024242,-0.4448440374431581,0.12969405047042654,0.9897384404385591,0.05997726895102233,0.434892648916479,-0.11113898666967058,0.8935975098222056,left_images/camera_left_21.png,right_images/camera_right_21.png
2025-06-02 14:44:54,1.2005810737609863,22,-0.073814206,-0.014334152,0.11373318,0.031104626,0.08580552,0.11981645,0.5235896,0.035377752,6.3539075e-05,0.003168175,0.8874561974534249,-0.014569776728844373,0.46066171884320883,-0.02234234511527785,0.9969651598296985,0.07457405514315046,-0.4603502114871435,-0.0764734705098144,0.8844373867560817,0.023385875,-0.027389446,0.11128434,-0.15728275,0.078709625,-0.10294799,0.37929314,-0.041311942,0.0015471021,0.00228969,0.8912429761816634,-0.10648620136081223,-0.4408476452546798,0.15057518673745718,0.9863828040701352,0.06615192343172997,0.427800269455071,-0.1253381536264282,0.8951409256087485,left_images/camera_left_22.png,right_images/camera_right_22.png
2025-06-02 14:44:54,1.2594311237335205,23,-0.073814206,-0.014334947,0.11373318,0.031097341,0.08581132,0.11981399,0.5235896,0.035377838,6.3386164e-05,0.003168215,0.8874551749425075,-0.014578732316187079,0.46066340535342776,-0.022334778105678202,0.9969649945489601,0.07457853130065067,-0.460352549851452,-0.07647391848234911,0.8844361308976593,0.021985788,-0.028754946,0.11090613,-0.17735942,0.08320048,-0.107549496,0.40595976,-0.041646603,0.0015894038,0.0025418513,0.8908145855818121,-0.12179576957334182,-0.4377386944613661,0.16963698404287347,0.9828920524363697,0.07173915877857875,0.42151235777796797,-0.13816296092461852,0.8962356433823642,left_images/camera_left_23.png,right_images/camera_right_23.png
2025-06-02 14:44:54,1.3217639923095703,24,-0.073814206,-0.014335778,0.11373318,0.031091973,0.08581572,0.11981243,0.5235896,0.035377827,6.338139e-05,0.0031681908,0.887454576710992,-0.014584860263002281,0.46066436385488146,-0.02232934951666077,0.9969649203416281,0.07458114881371838,-0.46035396644851095,-0.07647371744148379,0.8844354109350232,0.020890675,-0.03036338,0.11053278,-0.20193379,0.08789398,-0.11392533,0.4326269,-0.04195295,0.0016481528,0.0028088745,0.8898575529356936,-0.14076613053067408,-0.43397975987218634,0.19283793959906556,0.9781140135513919,0.07814413314878263,0.41348163748162553,-0.15322490982150638,0.8975271931678197,left_images/camera_left_24.png,right_images/camera_right_24.png
2025-06-02 14:44:54,1.3786709308624268,25,-0.073814206,-0.014336529,0.11373318,0.031087924,0.08581923,0.11981109,0.5235896,0.03537772,6.35499e-05,0.0031681424,0.8874539043669943,-0.014589404093084884,0.4606655152189996,-0.022325309520593573,0.9969648738934648,0.07458297913999906,-0.4603554585085175,-0.07647345624984214,0.8844346568914043,0.019888168,-0.03155267,0.110095546,-0.2322231,0.095708735,-0.119737975,0.4592934,-0.0422548,0.0015970031,0.0031562923,0.8870515455442146,-0.16245400080277517,-0.4321437876110131,0.22102731869332248,0.971236137117739,0.088584932961837,0.4053226861882529,-0.174094984361367,0.8974432887271232,left_images/camera_left_25.png,right_images/camera_right_25.png
2025-06-02 14:44:54,1.4351646900177002,26,-0.073814206,-0.01433673,0.11373318,0.031084921,0.085821494,0.11981018,0.5235896,0.035377793,6.350805e-05,0.0031682337,0.8874536296872777,-0.014593146514657623,0.4606659258396239,-0.022322182215495277,0.9969647948684219,0.07458497150300236,-0.4603561396745072,-0.07647377241752354,0.8844342750008156,0.018587615,-0.032751404,0.10969467,-0.26606667,0.1028847,-0.12903087,0.4859604,-0.042582415,0.0015487566,0.0034512132,0.8842890076025461,-0.18724718929954956,-0.4277516114905037,0.25206083789117817,0.9625590737086329,0.0997264439493147,0.393062698605326,-0.19600642775326854,0.8983780914762456,left_images/camera_left_26.png,right_images/camera_right_26.png
2025-06-02 14:44:54,1.4923276901245117,27,-0.073814206,-0.014336898,0.11373318,0.031082703,0.08582316,0.11980951,0.5235896,0.035377707,6.34031e-05,0.0031682393,0.8874533370208046,-0.014596037612656234,0.4606663980546526,-0.02231968491295577,0.9969647494958771,0.07458632534190912,-0.46035682494780517,-0.07647381217536278,0.8844339148717347,0.017879643,-0.034658216,0.10931988,-0.29019886,0.1055016,-0.13542494,0.51262707,-0.042843334,0.001672303,0.0037471093,0.8813441259499186,-0.20657915599464857,-0.42492067961222224,0.2743899229122053,0.9559361283688685,0.10438528959279779,0.384633204310039,-0.20859331434079303,0.8991919302098497,left_images/camera_left_27.png,right_images/camera_right_27.png
2025-06-02 14:44:54,1.5463073253631592,28,-0.073813826,-0.014337268,0.11373318,0.031081052,0.0858246,0.11980882,0.5235896,0.035377823,6.341556e-05,0.003168175,0.8874532114951004,-0.014597926099262696,0.4606665800344465,-0.02231790524579001,0.9969647427417785,0.07458694815622474,-0.46035715321093096,-0.07647353975997112,0.8844337675621095,0.017009398,-0.036339276,0.1089146,-0.31873882,0.10962747,-0.14312497,0.5392938,-0.04312811,0.0017350581,0.004069235,0.877400854850876,-0.2284025668194084,-0.4219004709374686,0.30030114773088645,0.9472825436040486,0.11169155408783685,0.3741483136116805,-0.2246954606870142,0.8997360665040534,left_images/camera_left_28.png,right_images/camera_right_28.png
2025-06-02 14:44:54,1.60050368309021,29,-0.073813826,-0.014337591,0.11373318,0.031079765,0.08582574,0.11980847,0.5235896,0.035377756,6.3404674e-05,0.0031680875,0.8874530593751202,-0.014599527553073536,0.46066682233580336,-0.022316582328887908,0.9969647072992187,0.07458781772475534,-0.46035751059247154,-0.07647369609879207,0.8844335680231118,0.015799586,-0.037919622,0.108603895,-0.3537158,0.11677627,-0.14981113,0.5659603,-0.043355472,0.0017356102,0.0043193316,0.8707104765712013,-0.2534740541970785,-0.4214429615476431,0.3315780906203423,0.9354504476490475,0.12242724293948953,0.36320687742623997,-0.246339935540491,0.8985529479937101,left_images/camera_left_29.png,right_images/camera_right_29.png
2025-06-02 14:44:54,1.657806634902954,30,-0.073813826,-0.014337678,0.11373318,0.03107887,0.08582641,0.11980825,0.5235896,0.03537782,6.35623e-05,0.0031681452,0.8874531016332483,-0.014600281375155781,0.4606667170366159,-0.022315727244697096,0.9969647261537904,0.07458782154372005,-0.46035747058027365,-0.07647330638114076,0.8844336225472595,0.014334227,-0.03967851,0.10817412,-0.39361164,0.124978386,-0.15792125,0.59262705,-0.043654043,0.0017279373,0.004671677,0.862173149594792,-0.2815439594419016,-0.4211774673692475,0.3665546938895128,0.9205504582499978,0.13499818592590326,0.34970718680828144,-0.2707763887740141,0.8968751478199972,left_images/camera_left_30.png,right_images/camera_right_30.png
2025-06-02 14:44:54,1.7143058776855469,31,-0.073813826,-0.014337747,0.11373318,0.03107823,0.08582691,0.119808026,0.5235896,0.03537785,6.356253e-05,0.0031681461,0.8874529869326824,-0.014601176190470914,0.4606669096409196,-0.02231507876164718,0.996964692080599,0.07458847098914162,-0.4603577231285708,-0.07647357974157717,0.8844334674566464,0.013235524,-0.04100946,0.10777389,-0.4253364,0.13213281,-0.16458884,0.6192936,-0.043904625,0.0017019318,0.0050148563,0.8546455786354104,-0.3030451236255298,-0.42159766124319537,0.3937203828199103,0.9076022395214332,0.1457478472150533,0.33847480714388195,-0.29055434579862427,0.8949932832521401,left_images/camera_left_31.png,right_images/camera_right_31.png
2025-06-02 14:44:54,1.7709743976593018,32,-0.073813826,-0.014337585,0.11373318,0.031077728,0.08582691,0.119808026,0.5235896,0.035377774,6.337528e-05,0.0031681191,0.8874530038977582,-0.014601796862774758,0.4606668572854182,-0.022314581628448505,0.9969646737111226,0.07458886524691241,-0.4603577145216455,-0.07647370071111381,0.8844334614768677,0.0117612695,-0.042885903,0.10720646,-0.4625668,0.14061345,-0.17020513,0.64595985,-0.044237718,0.0017112921,0.0055068256,0.8439486161145782,-0.3279073880864169,-0.4245320696915984,0.42535936780341627,0.8912713164613072,0.1571777613888377,0.3268335074317905,-0.3132286469843911,0.8916656734046463,left_images/camera_left_32.png,right_images/camera_right_32.png
2025-06-02 14:44:54,1.8373327255249023,33,-0.073813826,-0.014337622,0.11373318,0.03107734,0.085827135,0.119808026,0.5235896,0.03537779,6.336591e-05,0.0031681191,0.8874530196432361,-0.01460241778602018,0.46066680727061776,-0.022313958694156796,0.9969646762312264,0.07458901792195219,-0.4603577143629695,-0.07647354929626557,0.8844334746517309,0.0106665315,-0.04506889,0.1066474,-0.5066079,0.15223353,-0.17506596,0.67262626,-0.044475183,0.0017112334,0.0060537476,0.8291511057601471,-0.3553851128928341,-0.43152041127955143,0.46199685923117123,0.8702375185739502,0.17101334254024558,0.31474965588108106,-0.3411569767722794,0.8857452067735617,left_images/camera_left_33.png,right_images/camera_right_33.png
2025-06-02 14:44:54,1.891770362854004,34,-0.073813826,-0.014337674,0.11373318,0.031077115,0.08582736,0.119808026,0.5235896,0.035377838,6.35708e-05,0.003168176,0.8874530584189063,-0.014602405827690314,0.46066673295015836,-0.022313838927602875,0.9969646970198216,0.07458877588811998,-0.4603576454184747,-0.07647328056398935,0.8844335337743244,0.009969316,-0.046974447,0.106130935,-0.5397485,0.15795389,-0.1813895,0.6970774,-0.04472182,0.0017762681,0.006535706,0.8179928661253218,-0.37722173758017014,-0.43427114993409255,0.4889811563126714,0.8536109797041175,0.17957094447515712,0.3029605580586433,-0.3592381605920708,0.8827020132724415,left_images/camera_left_34.png,right_images/camera_right_34.png
2025-06-02 14:44:54,1.9441604614257812,35,-0.073813826,-0.0143376915,0.11373318,0.031076891,0.08582758,0.119808,0.5235896,0.035377853,6.3534826e-05,0.0031681163,0.887453059431325,-0.014602667999283276,0.4606667226892818,-0.022313576775811573,0.9969646980909816,0.074588839995187,-0.46035765617338326,-0.07647321653795108,0.8844335337123354,0.008308496,-0.049100477,0.10565581,-0.5789401,0.16710402,-0.18683627,0.7205088,-0.04498096,0.0018221753,0.006970944,0.8034005686835481,-0.40119003747171395,-0.43999327275811423,0.5201266790286321,0.8325525295760963,0.19058993483153785,0.28985472913443705,-0.38197230178363495,0.8775428175698973,left_images/camera_left_35.png,right_images/camera_right_35.png
2025-06-02 14:44:54,2.007072687149048,36,-0.07381399,-0.014337622,0.11373318,0.031076744,0.08582758,0.119808,0.5235896,0.03537768,6.3473824e-05,0.0031681797,0.8874528755634797,-0.014603149554156293,0.46066706163693755,-0.02231327912022845,0.9969646745110244,0.07458924421141507,-0.46035802505117024,-0.07647343198932739,0.8844333230779808,0.007483522,-0.05133669,0.10517465,-0.61872125,0.17629302,-0.19346882,0.73968554,-0.045161217,0.001880808,0.007464325,0.7877794980798775,-0.4244082749092415,-0.44640909331416867,0.5507037031565427,0.8099376808578419,0.2018077908711435,0.27591464936586274,-0.4048191810119456,0.8717755083449699,left_images/camera_left_36.png,right_images/camera_right_36.png
2025-06-02 14:44:54,2.0696988105773926,37,-0.07381356,-0.014340726,0.11373318,0.031045187,0.08585219,0.11979748,0.5235896,0.0353776,6.33375e-05,0.0031681936,0.8874488808959844,-0.014641014260384989,0.460673555240468,-0.02228036262408725,0.9969641183526566,0.07460651552411307,-0.46036731990640306,-0.07647344257150812,0.8844284840186108,0.006212072,-0.0534027,0.104760796,-0.6632619,0.18703824,-0.20073202,0.7578363,-0.04531434,0.0019092453,0.007903156,0.7693288476220016,-0.44897520318085143,-0.4544825531803351,0.5837510654827407,0.7830669694041473,0.21457123520166715,0.2595531116445495,-0.430380515772865,0.8645257624146978,left_images/camera_left_37.png,right_images/camera_right_37.png
2025-06-02 14:44:55,2.1280369758605957,38,-0.073812954,-0.01434335,0.11373318,0.03102174,0.08587058,0.11978952,0.5235896,0.03537768,6.341166e-05,0.003168189,0.8874461320777545,-0.014669328167163882,0.4606779498427913,-0.02225550418048805,0.9969637357740366,0.0746190463966773,-0.4603738211431071,-0.07647300414264666,0.8844251378401078,0.0054393057,-0.055437896,0.1043145,-0.70561004,0.19700162,-0.2079569,0.7670969,-0.04543897,0.0019535099,0.008396733,0.7507138606644848,-0.4711672057835223,-0.46306604669352786,0.6140560759494209,0.756191056368922,0.22607569939569505,0.2436469474379342,-0.45406668063380484,0.8570061928261515,left_images/camera_left_38.png,right_images/camera_right_38.png
2025-06-02 14:44:55,2.1931633949279785,39,-0.07381251,-0.014345499,0.11373318,0.03100442,0.08588456,0.119783595,0.5235896,0.03537779,6.3379295e-05,0.003168366,0.8874438674987177,-0.014689837498195642,0.46068165875493167,-0.02223762151237659,0.9969634449668808,0.07462826267066557,-0.46037905059677836,-0.07647285841425162,0.8844224283098904,0.004693005,-0.05712673,0.10392248,-0.7511599,0.20796037,-0.2170217,0.7634442,-0.045515127,0.001954803,0.008865325,0.7303839072508178,-0.4933286710389552,-0.4724046680124649,0.6449796698767546,0.725771625351699,0.2392838759298792,0.22481230721359885,-0.4794604990667025,0.8482788788835939,left_images/camera_left_39.png,right_images/camera_right_39.png
2025-06-02 14:44:55,2.2492032051086426,40,-0.073812254,-0.014347114,0.11373318,0.03099157,0.08589486,0.11977923,0.5235896,0.03537774,6.349821e-05,0.0031682607,0.8874423286899518,-0.01470565179929776,0.4606841185177902,-0.02222394513962011,0.9969631961690456,0.0746356600214153,-0.4603826772499012,-0.07647306250934996,0.8844205228276051,0.0042179003,-0.058711734,0.10364694,-0.7946311,0.21824121,-0.22286074,0.78399646,-0.045488723,0.0019916343,0.009253528,0.7086140315127074,-0.5131200981122584,-0.4843283176282114,0.6739531698610356,0.6954572577260857,0.24925153461989902,0.20893367171801092,-0.5030377397267314,0.8386296877842159,left_images/camera_left_40.png,right_images/camera_right_40.png
2025-06-02 14:44:55,2.3075788021087646,41,-0.07381184,-0.01434809,0.11373318,0.030982018,0.085902214,0.119775966,0.5235896,0.035377778,6.334309e-05,0.0031682737,0.8874411165114793,-0.014717122505591273,0.46068608729807986,-0.022214153673431682,0.9969629967872802,0.07464123802227729,-0.4603854864148433,-0.07647345514674037,0.8844190265685645,0.004150886,-0.060300615,0.10342127,-0.847009,0.23165818,-0.23008549,0.78523564,-0.045337237,0.0020153518,0.009677077,0.6813966745974191,-0.5341067510600651,-0.5004283668215069,0.706995628463441,0.6572019851705984,0.2612330990158199,0.18935615432608285,-0.5318040326660626,0.8254263853663453,left_images/camera_left_41.png,right_images/camera_right_41.png
2025-06-02 14:44:55,2.371107578277588,42,-0.073811516,-0.0143491,0.11373318,0.030974865,0.08590794,0.11977343,0.5235896,0.03537787,6.339402e-05,0.0031681852,0.8874404878540669,-0.014725672098260803,0.4606870251033671,-0.022206489586230452,0.9969629015101839,0.07464479106175054,-0.4603870679521662,-0.07647305142107419,0.8844182382045033,0.0041361256,-0.061852787,0.10330833,-0.886664,0.24130541,-0.23445034,0.8005104,-0.045181505,0.0021041206,0.009955479,0.6592210863442393,-0.5490171938646927,-0.5138167768378719,0.7312501061847348,0.6272880624902641,0.26792343843349087,0.17521655607828618,-0.5523493527634018,0.8149903993164066,left_images/camera_left_42.png,right_images/camera_right_42.png
2025-06-02 14:44:55,2.4237353801727295,43,-0.0738115,-0.014349954,0.11373318,0.030969635,0.08591238,0.119771816,0.5235896,0.035377815,6.3391286e-05,0.0031681657,0.8874396635058026,-0.01473195083905591,0.46068841233656316,-0.022201089768928248,0.9969628032794642,0.07464770920948749,-0.46038891738374804,-0.07647312274013565,0.8844172693070801,0.004512257,-0.06322666,0.103191815,-0.94409895,0.25503212,-0.24367866,0.80265653,-0.044906646,0.0021521854,0.010342164,0.6276819103482745,-0.5680739547705145,-0.5322662879921363,0.7635948635492054,0.5823097149148773,0.27899512590191317,0.1514539658867034,-0.5815559971551676,0.7992836282509779,left_images/camera_left_43.png,right_images/camera_right_43.png
2025-06-02 14:44:55,2.4793341159820557,44,-0.073811375,-0.014350643,0.11373318,0.030965755,0.085915655,0.119770475,0.5235896,0.035377767,6.35513e-05,0.003168323,0.8874392037362375,-0.014736370914350667,0.46068915663847276,-0.022197154739855316,0.9969627530667815,0.07464955002515802,-0.46038999336806563,-0.07647292573047229,0.884416726230782,0.005114399,-0.06438184,0.103161566,-1.0058749,0.26947343,-0.25273788,0.81319946,-0.044533428,0.0022207422,0.010697965,0.5920379196654013,-0.5855962225084396,-0.5536859812764906,0.7960459382889701,0.5320886746513687,0.28843111212451333,0.12570587023642724,-0.6115216320716679,0.7811781664233239,left_images/camera_left_44.png,right_images/camera_right_44.png
2025-06-02 14:44:55,2.5399270057678223,45,-0.073811315,-0.014350907,0.11373318,0.03096287,0.08591789,0.11976958,0.5235896,0.03537786,6.347819e-05,0.0031682644,0.8874387529689082,-0.014739871646697218,0.4606899129705667,-0.022194137332991935,0.9969626991439877,0.07465116732897834,-0.46039100772825026,-0.07647295403849469,0.8844161957492597,0.0065748845,-0.06599814,0.10321424,-1.0608734,0.2821084,-0.2601835,0.8221265,-0.04407257,0.0023877819,0.011007652,0.5585472419885595,-0.5982435891915201,-0.5745690441176076,0.8229857885334737,0.48615406693589747,0.2938513485992933,0.1035343920584362,-0.6369920181548075,0.7638859852544457,left_images/camera_left_45.png,right_images/camera_right_45.png
2025-06-02 14:44:55,2.59814453125,46,-0.07381133,-0.014351169,0.11373318,0.030960744,0.08591959,0.119769014,0.5235896,0.03537783,6.357784e-05,0.0031681787,0.8874386712926576,-0.014742638006380045,0.46068998178703174,-0.02219153933906895,0.9969626846097647,0.07465213377696418,-0.4603912903999003,-0.07647261026213269,0.8844160783271701,0.0065207956,-0.067167066,0.103193305,-1.1203964,0.29620326,-0.2699348,0.8015329,-0.04375842,0.0025205822,0.011331156,0.5227966681849818,-0.6096234002824752,-0.5958548091294684,0.849025954333579,0.43501994452242065,0.29985425915878805,0.07641055295335597,-0.6626590055946898,0.7450130667992471,left_images/camera_left_46.png,right_images/camera_right_46.png
2025-06-02 14:44:55,2.6501855850219727,47,-0.07381176,-0.014348234,0.11373318,0.0309907,0.085896365,0.11977876,0.5235896,0.035377894,6.351818e-05,0.003168255,0.8874422783036158,-0.014706540920855844,0.4606841871970762,-0.0222230585791906,0.9969632007419782,0.07463586291921495,-0.46038281717139856,-0.07647283191077192,0.8844204699309448,0.008289327,-0.068019055,0.10326666,-1.1718953,0.3030711,-0.27962705,0.8054127,-0.04334267,0.002682353,0.011576027,0.49101410503634346,-0.619619022498854,-0.612353995343317,0.869632038121058,0.39013175804400285,0.30255136694272267,0.05143215850781557,-0.681079641688885,0.7304007494164876,left_images/camera_left_47.png,right_images/camera_right_47.png
2025-06-02 14:44:55,2.7009620666503906,48,-0.07381221,-0.0143457735,0.11373318,0.031012837,0.08587901,0.11978605,0.5235896,0.035377916,6.34719e-05,0.003168202,0.8874449434299473,-0.014679963354001395,0.4606799008601778,-0.02224641100567755,0.9969635555219657,0.07462416604805248,-0.46037655194197774,-0.07647331323361121,0.8844236896335884,0.010702941,-0.06911542,0.103256784,-1.2367371,0.31409365,-0.29019922,0.80754983,-0.042822316,0.002908179,0.012019508,0.4496970044956308,-0.6271415703242067,-0.6359764578338926,0.8929334842825745,0.3324318614086825,0.3035767615733132,0.021033230722796392,-0.7044022347293106,0.7094893198024301,left_images/camera_left_48.png,right_images/camera_right_48.png
2025-06-02 14:44:55,2.7562551498413086,49,-0.07381246,-0.014343955,0.11373318,0.031029258,0.08586614,0.1197914,0.5235896,0.03537774,6.325927e-05,0.003168242,0.8874468658287986,-0.014660580895823866,0.46067681480452133,-0.022263282539009964,0.9969638407782582,0.07461532303255165,-0.46037203062439674,-0.07647331265520556,0.8844260431886369,0.011990479,-0.0698382,0.10300239,-1.2998493,0.32421887,-0.30272692,0.7835432,-0.042553503,0.0030940408,0.012597908,0.41041629215842107,-0.6321312462002961,-0.6572431473269189,0.9118245101179392,0.27531174641532236,0.30459728336596414,-0.011598701613274531,-0.7243020984803273,0.6893851900482635,left_images/camera_left_49.png,right_images/camera_right_49.png
2025-06-02 14:44:55,2.807582378387451,50,-0.07381246,-0.014342937,0.11373318,0.031041468,0.085856885,0.119795196,0.5235896,0.03537773,6.3373416e-05,0.003168282,0.8874483695957327,-0.01464555332662284,0.460674395934518,-0.022276497846254077,0.9969640389851805,0.07460873014642064,-0.4603684925639262,-0.07647360811490866,0.8844278593058372,0.015279887,-0.07034392,0.1030054,-1.3700489,0.33437288,-0.31397367,0.7656826,-0.041956432,0.003355541,0.013092101,0.36448377902380874,-0.6331186055679495,-0.6828707096604878,0.9300528870012365,0.2109589442090684,0.3008287739543212,-0.046402609939401984,-0.74475308333829,0.6657249001268628,left_images/camera_left_50.png,right_images/camera_right_50.png
2025-06-02 14:44:55,2.8588244915008545,51,-0.07381246,-0.01434216,0.11373318,0.031050466,0.08585004,0.11979798,0.5235896,0.035377793,6.367499e-05,0.0031681526,0.8874493570532397,-0.01463450135965683,0.4606728449081254,-0.02228600524544291,0.9969642229738667,0.07460343209473931,-0.4603661288974153,-0.076473325284497,0.8844291141091749,0.017950261,-0.07134124,0.10292192,-1.423287,0.33941293,-0.3226299,0.76286644,-0.041572902,0.0036447602,0.013518599,0.3287541390274986,-0.6330123905610738,-0.7008680542501866,0.9415549580965121,0.16196910293544808,0.29536464002680096,-0.0734505068475606,-0.7570081393818965,0.6492639678539044,left_images/camera_left_51.png,right_images/camera_right_51.png
2025-06-02 14:44:55,2.908632755279541,52,-0.07381246,-0.014341195,0.11373318,0.031057227,0.085844606,0.1198002,0.5235896,0.03537776,6.337708e-05,0.0031682039,0.8874502019055117,-0.014626906951768062,0.46067145855901553,-0.02229267912282904,0.9969643214647913,0.07460012187506716,-0.46036417714174177,-0.0764734942269059,0.8844301154332853,0.020340689,-0.07136158,0.10278848,-1.4900995,0.34841207,-0.33467197,0.74875206,-0.041172426,0.0038871444,0.014055654,0.2857683745635683,-0.6280577943303709,-0.723795442842911,0.9520443454770935,0.09991564451162716,0.289185802256817,-0.10930690895084727,-0.7717255152984743,0.6264916030506039,left_images/camera_left_52.png,right_images/camera_right_52.png
2025-06-02 14:44:55,2.9625558853149414,53,-0.07381246,-0.014340883,0.11373318,0.03106221,0.08584099,0.11980177,0.5235896,0.035377704,6.340834e-05,0.0031682262,0.887450801108109,-0.014621009808952111,0.46067049144127126,-0.0222978557616477,0.9969644003806077,0.07459752008055254,-0.4603627713456081,-0.07647359312796942,0.8844308386262261,0.022185925,-0.07122465,0.10265095,-1.5510024,0.35799196,-0.34410605,0.7398502,-0.040837973,0.004132402,0.01455531,0.24588546204366715,-0.6194804916413797,-0.7455093963400637,0.9589587103623735,0.043426532029659126,0.2802005141608596,-0.1412038645919631,-0.7838099621666152,0.6047341662521336,left_images/camera_left_53.png,right_images/camera_right_53.png
2025-06-02 14:44:55,3.0169923305511475,54,-0.07381246,-0.014340656,0.11373318,0.031065956,0.08583825,0.119802825,0.5235896,0.035377756,6.343378e-05,0.0031682784,0.8874512847251325,-0.014616314237433372,0.4606697087912603,-0.02230184239680255,0.9969644854825535,0.07459519094563456,-0.4603616459539393,-0.07647338128146357,0.8844314427302773,0.024618177,-0.07112965,0.102663666,-1.6127772,0.36737454,-0.35253036,0.71450824,-0.04038958,0.004437673,0.014956562,0.20475318315403002,-0.6074849634434594,-0.767488210449119,0.9633964946443871,-0.013543461055899098,0.2677382467439691,-0.17304140572475535,-0.7942157099004818,0.5824758175684844,left_images/camera_left_54.png,right_images/camera_right_54.png
2025-06-02 14:44:55,3.0801355838775635,55,-0.07381228,-0.014340439,0.11373318,0.031068688,0.08583611,0.119803496,0.5235896,0.035377767,6.344658e-05,0.003168092,0.8874517756248801,-0.014612942482496947,0.46066887007073865,-0.02230476477744581,0.9969645327990986,0.07459368477892933,-0.46036055805039455,-0.07647340879468298,0.8844320066228104,0.027265662,-0.07077101,0.102521725,-1.671389,0.37385482,-0.36235633,0.69821537,-0.040061176,0.004696928,0.015452702,0.16715834376919383,-0.5949082254175418,-0.7862202563142794,0.9643108735213887,-0.06742811414866146,0.2560429429427248,-0.2053354020054905,-0.800960456422729,0.5624052986328786,left_images/camera_left_55.png,right_images/camera_right_55.png
