Epoch Time (Seconds),Time (Seconds),Frame Number,PSM1_joint_1,PSM1_joint_2,PSM1_joint_3,PSM1_joint_4,PSM1_joint_5,PSM1_joint_6,PSM1_jaw_angle,PSM1_ee_x,PSM1_ee_y,PSM1_ee_z,"PSM1_Orientation_Matrix_[1,1]","PSM1_Orientation_Matrix_[1,2]","PSM1_Orientation_Matrix_[1,3]","PSM1_Orientation_Matrix_[2,1]","PSM1_Orientation_Matrix_[2,2]","PSM1_Orientation_Matrix_[2,3]","PSM1_Orientation_Matrix_[3,1]","PSM1_Orientation_Matrix_[3,2]","PSM1_Orientation_Matrix_[3,3]",PSM2_joint_1,PSM2_joint_2,PSM2_joint_3,PSM2_joint_4,PSM2_joint_5,PSM2_joint_6,PSM2_jaw_angle,PSM2_ee_x,PSM2_ee_y,PSM2_ee_z,"PSM2_Orientation_Matrix_[1,1]","PSM2_Orientation_Matrix_[1,2]","PSM2_Orientation_Matrix_[1,3]","PSM2_Orientation_Matrix_[2,1]","PSM2_Orientation_Matrix_[2,2]","PSM2_Orientation_Matrix_[2,3]","PSM2_Orientation_Matrix_[3,1]","PSM2_Orientation_Matrix_[3,2]","PSM2_Orientation_Matrix_[3,3]",PSM3_joint_1,PSM3_joint_2,PSM3_joint_3,PSM3_joint_4,PSM3_joint_5,PSM3_joint_6,PSM3_jaw_angle,PSM3_ee_x,PSM3_ee_y,PSM3_ee_z,"PSM3_Orientation_Matrix_[1,1]","PSM3_Orientation_Matrix_[1,2]","PSM3_Orientation_Matrix_[1,3]","PSM3_Orientation_Matrix_[2,1]","PSM3_Orientation_Matrix_[2,2]","PSM3_Orientation_Matrix_[2,3]","PSM3_Orientation_Matrix_[3,1]","PSM3_Orientation_Matrix_[3,2]","PSM3_Orientation_Matrix_[3,3]",Camera Left,Camera Right
2025-05-30 17:02:33,0.0021936893463134766,1,-0.03432311,-0.00027699364,0.11403821,-0.0006741705,0.00029399688,-0.027664913,1.0471792,0.05790705,2.6582396e-05,0.0020310753,0.8332778288575591,-0.000580938562296078,0.55285416019491,0.0006732902942470612,0.9999997726922069,3.599603131527722e-05,-0.5528540554383337,0.00034223664537145993,0.8332780305873103,0.07067476,0.000531236,0.11086681,0.00077453855,1.5859872e-05,-0.015304952,1.0471791,-0.056456868,-6.071176e-05,0.0067547746,0.8369175257917197,0.0009481324117090706,-0.5473281977640071,-0.0007829443671552911,0.9999995503360772,0.000535094161003266,0.5473284589903801,-1.9302151867862916e-05,0.8369178917950332,0.0026657255,0.019344743,0.09063903,-0.00016294567,-0.012031062,-0.006226944,0.5235896,0.00019111253,-0.011352362,0.0023486614,0.9999936400418761,-0.00014323904631166856,0.0035636159128948305,0.0010357560162236078,0.9677929595718953,-0.2517453368238365,-0.0034127826291579333,0.25174742677065765,0.9677869528099037,left_images/camera_left_1.png,right_images/camera_right_1.png
2025-05-30 17:02:33,0.05621218681335449,2,-0.03432311,-0.00027699425,0.11403821,-0.00067415304,0.00029400107,-0.027664913,1.0471792,0.05790705,2.6582396e-05,0.0020310753,0.8332778288575591,-0.000580938562296078,0.55285416019491,0.0006732902942470612,0.9999997726922069,3.599603131527722e-05,-0.5528540554383337,0.00034223664537145993,0.8332780305873103,0.07067476,0.0005312344,0.11086681,0.000774515,1.58807e-05,-0.015304952,1.0471791,-0.056456868,-6.071176e-05,0.0067547746,0.8369175257917197,0.0009481324117090706,-0.5473281977640071,-0.0007829443671552911,0.9999995503360772,0.000535094161003266,0.5473284589903801,-1.9302151867862916e-05,0.8369178917950332,0.0026657255,0.019344743,0.09063903,-0.00016294567,-0.012031062,-0.006226944,0.5235896,0.00019111253,-0.011352362,0.0023486614,0.9999936400418761,-0.00014323904631166856,0.0035636159128948305,0.0010357560162236078,0.9677929595718953,-0.2517453368238365,-0.0034127826291579333,0.25174742677065765,0.9677869528099037,left_images/camera_left_2.png,right_images/camera_right_2.png
2025-05-30 17:02:33,0.10770082473754883,3,-0.03432311,-0.00027699425,0.11403821,-0.0006741356,0.00029400527,-0.027664913,1.0471792,0.05790705,2.6582396e-05,0.0020310753,0.8332778288575591,-0.000580938562296078,0.55285416019491,0.0006732902942470612,0.9999997726922069,3.599603131527722e-05,-0.5528540554383337,0.00034223664537145993,0.8332780305873103,0.07067476,0.00053123274,0.11086681,0.0007744914,1.5901527e-05,-0.015304952,1.0471791,-0.056456868,-6.071176e-05,0.0067547746,0.8369175257917197,0.0009481324117090706,-0.5473281977640071,-0.0007829443671552911,0.9999995503360772,0.000535094161003266,0.5473284589903801,-1.9302151867862916e-05,0.8369178917950332,0.0026657255,0.019344743,0.09063903,-0.00016294567,-0.012031062,-0.006226944,0.5235896,0.00019111253,-0.011352362,0.0023486614,0.9999936400418761,-0.00014323904631166856,0.0035636159128948305,0.0010357560162236078,0.9677929595718953,-0.2517453368238365,-0.0034127826291579333,0.25174742677065765,0.9677869528099037,left_images/camera_left_3.png,right_images/camera_right_3.png
2025-05-30 17:02:33,0.16522502899169922,4,-0.03432311,-0.00027699425,0.11403821,-0.0006741181,0.00029400946,-0.027664913,1.0471792,0.05790705,2.6582396e-05,0.0020310753,0.8332778288575591,-0.000580938562296078,0.55285416019491,0.0006732902942470612,0.9999997726922069,3.599603131527722e-05,-0.5528540554383337,0.00034223664537145993,0.8332780305873103,0.07067476,0.0005312236,0.11086681,0.0007745679,1.5888336e-05,-0.015304952,1.0471791,-0.056456868,-6.071176e-05,0.0067547746,0.8369175257917197,0.0009481324117090706,-0.5473281977640071,-0.0007829443671552911,0.9999995503360772,0.000535094161003266,0.5473284589903801,-1.9302151867862916e-05,0.8369178917950332,0.0026657255,0.019344743,0.09063903,-0.00016294567,-0.012031062,-0.006226944,0.5235896,0.00019111253,-0.011352362,0.0023486614,0.9999936400418761,-0.00014323904631166856,0.0035636159128948305,0.0010357560162236078,0.9677929595718953,-0.2517453368238365,-0.0034127826291579333,0.25174742677065765,0.9677869528099037,left_images/camera_left_4.png,right_images/camera_right_4.png
2025-05-30 17:02:33,0.2268078327178955,5,-0.03432311,-0.00027697632,0.11403821,-0.0006741529,0.00029396126,-0.027664969,1.0471792,0.05790705,2.6589018e-05,0.0020310734,0.8332778163798742,-0.0005807727554359488,0.5528541791758431,0.0006733336341152303,0.9999997726761054,3.563081156612635e-05,-0.5528540741922826,0.00034256494874259865,0.8332780180097458,0.07067476,0.00053122087,0.11086681,0.0007745443,1.5909154e-05,-0.015304952,1.0471791,-0.056456868,-6.071176e-05,0.0067547746,0.8369175257917197,0.0009481324117090706,-0.5473281977640071,-0.0007829443671552911,0.9999995503360772,0.000535094161003266,0.5473284589903801,-1.9302151867862916e-05,0.8369178917950332,0.0026657255,0.019344743,0.09063903,-0.00016294567,-0.012031062,-0.006226944,0.5235896,0.00019111253,-0.011352362,0.0023486614,0.9999936400418761,-0.00014323904631166856,0.0035636159128948305,0.0010357560162236078,0.9677929595718953,-0.2517453368238365,-0.0034127826291579333,0.25174742677065765,0.9677869528099037,left_images/camera_left_5.png,right_images/camera_right_5.png
2025-05-30 17:02:33,0.2908177375793457,6,-0.03432311,-0.00027697982,0.11403821,-0.0006741898,0.0002940067,-0.027664969,1.0471792,0.05790705,2.6582396e-05,0.0020310753,0.8332778288575591,-0.000580938562296078,0.55285416019491,0.0006732902942470612,0.9999997726922069,3.599603131527722e-05,-0.5528540554383337,0.00034223664537145993,0.8332780305873103,0.07067476,0.00053121924,0.11086681,0.00077452074,1.5929982e-05,-0.015304952,1.0471791,-0.056456868,-6.071176e-05,0.0067547746,0.8369175257917197,0.0009481324117090706,-0.5473281977640071,-0.0007829443671552911,0.9999995503360772,0.000535094161003266,0.5473284589903801,-1.9302151867862916e-05,0.8369178917950332,0.0026657255,0.019344743,0.09063903,-0.00016294567,-0.012031062,-0.006226944,0.5235896,0.00019111253,-0.011352362,0.0023486614,0.9999936400418761,-0.00014323904631166856,0.0035636159128948305,0.0010357560162236078,0.9677929595718953,-0.2517453368238365,-0.0034127826291579333,0.25174742677065765,0.9677869528099037,left_images/camera_left_6.png,right_images/camera_right_6.png
2025-05-30 17:02:33,0.359483003616333,7,-0.03432311,-0.00027698043,0.11403821,-0.00067417236,0.00029401088,-0.027664969,1.0471792,0.05790705,2.6582396e-05,0.0020310753,0.8332778288575591,-0.000580938562296078,0.55285416019491,0.0006732902942470612,0.9999997726922069,3.599603131527722e-05,-0.5528540554383337,0.00034223664537145993,0.8332780305873103,0.07067476,0.0005312176,0.11086681,0.00077449717,1.5950809e-05,-0.015304952,1.0471791,-0.056456868,-6.071176e-05,0.0067547746,0.8369175257917197,0.0009481324117090706,-0.5473281977640071,-0.0007829443671552911,0.9999995503360772,0.000535094161003266,0.5473284589903801,-1.9302151867862916e-05,0.8369178917950332,0.0026657255,0.019344743,0.09063903,-0.00016294567,-0.012031062,-0.006226944,0.5235896,0.00019111253,-0.011352362,0.0023486614,0.9999936400418761,-0.00014323904631166856,0.0035636159128948305,0.0010357560162236078,0.9677929595718953,-0.2517453368238365,-0.0034127826291579333,0.25174742677065765,0.9677869528099037,left_images/camera_left_7.png,right_images/camera_right_7.png
2025-05-30 17:02:33,0.42246532440185547,8,-0.03432311,-0.00027698043,0.11403821,-0.0006741549,0.00029401507,-0.027664969,1.0471792,0.05790705,2.6582396e-05,0.0020310753,0.8332778288575591,-0.000580938562296078,0.55285416019491,0.0006732902942470612,0.9999997726922069,3.599603131527722e-05,-0.5528540554383337,0.00034223664537145993,0.8332780305873103,0.07067476,0.000531216,0.11086681,0.0007744736,1.5971636e-05,-0.015304952,1.0471791,-0.056456868,-6.0721755e-05,0.0067547467,0.8369175261331009,0.0009477379071404458,-0.5473281979252573,-0.0007825498625559672,0.9999995507077664,0.0005349766143841396,0.5473284590325658,-1.9419698590020695e-05,0.8369178917647252,0.0026657255,0.019344743,0.09063903,-0.00016294567,-0.012031062,-0.006226944,0.5235896,0.00019111253,-0.011352362,0.0023486614,0.9999936400418761,-0.00014323904631166856,0.0035636159128948305,0.0010357560162236078,0.9677929595718953,-0.2517453368238365,-0.0034127826291579333,0.25174742677065765,0.9677869528099037,left_images/camera_left_8.png,right_images/camera_right_8.png
2025-05-30 17:02:33,0.4944894313812256,9,-0.03432311,-0.00027698043,0.11403821,-0.00067413744,0.00029401926,-0.027664969,1.0471792,0.05790705,2.6582396e-05,0.0020310753,0.8332778288575591,-0.000580938562296078,0.55285416019491,0.0006732902942470612,0.9999997726922069,3.599603131527722e-05,-0.5528540554383337,0.00034223664537145993,0.8332780305873103,0.07067476,0.0005312368,0.11086681,0.0007744414,1.5901533e-05,-0.015304952,1.0471791,-0.056456868,-6.0721755e-05,0.0067547467,0.8369175261331009,0.0009477379071404458,-0.5473281979252573,-0.0007825498625559672,0.9999995507077664,0.0005349766143841396,0.5473284590325658,-1.9419698590020695e-05,0.8369178917647252,0.0026657255,0.019344743,0.09063897,-0.00016293119,-0.012031062,-0.0062269443,0.4969216,0.00019111393,-0.011352377,0.002348721,0.9999936400418761,-0.00014323904631166856,0.0035636159128948305,0.0010357560162236078,0.9677929595718953,-0.2517453368238365,-0.0034127826291579333,0.25174742677065765,0.9677869528099037,left_images/camera_left_9.png,right_images/camera_right_9.png
2025-05-30 17:02:34,0.5526103973388672,10,-0.03432311,-0.00027698043,0.11403821,-0.00067412,0.00029402346,-0.027664969,1.0471792,0.05790705,2.6582396e-05,0.0020310753,0.8332778288575591,-0.000580938562296078,0.55285416019491,0.0006732902942470612,0.9999997726922069,3.599603131527722e-05,-0.5528540554383337,0.00034223664537145993,0.8332780305873103,0.07067476,0.00053125195,0.11086681,0.0007745085,1.5814718e-05,-0.015304952,1.0471791,-0.056456868,-6.071176e-05,0.0067547746,0.8369175257917197,0.0009481324117090706,-0.5473281977640071,-0.0007829443671552911,0.9999995503360772,0.000535094161003266,0.5473284589903801,-1.9302151867862916e-05,0.8369178917950332,0.0026657255,0.019344743,0.09063897,-0.00016293116,-0.012031062,-0.0062269443,0.47025508,0.00019111393,-0.011352377,0.002348721,0.9999936400418761,-0.00014323904631166856,0.0035636159128948305,0.0010357560162236078,0.9677929595718953,-0.2517453368238365,-0.0034127826291579333,0.25174742677065765,0.9677869528099037,left_images/camera_left_10.png,right_images/camera_right_10.png
2025-05-30 17:02:34,0.6083526611328125,11,-0.03432311,-0.0002769625,0.11403821,-0.0006741548,0.00029397526,-0.027665025,1.0471792,0.05790705,2.6589018e-05,0.0020310734,0.8332778163798742,-0.0005807727554359488,0.5528541791758431,0.0006733336341152303,0.9999997726761054,3.563081156612635e-05,-0.5528540741922826,0.00034256494874259865,0.8332780180097458,0.07067476,0.0005312512,0.11086681,0.00077448494,1.5835534e-05,-0.015304952,1.0471791,-0.056456868,-6.071176e-05,0.0067547746,0.8369175257917197,0.0009481324117090706,-0.5473281977640071,-0.0007829443671552911,0.9999995503360772,0.000535094161003266,0.5473284589903801,-1.9302151867862916e-05,0.8369178917950332,0.0026657255,0.019344743,0.09063897,-0.00016293113,-0.012031062,-0.0062269443,0.44358855,0.00019111393,-0.011352377,0.002348721,0.9999936400418761,-0.00014323904631166856,0.0035636159128948305,0.0010357560162236078,0.9677929595718953,-0.2517453368238365,-0.0034127826291579333,0.25174742677065765,0.9677869528099037,left_images/camera_left_11.png,right_images/camera_right_11.png
2025-05-30 17:02:34,0.6714270114898682,12,-0.03432311,-0.00027696375,0.11403821,-0.000674175,0.0002939514,-0.027665025,1.0471792,0.05790705,2.6589018e-05,0.0020310734,0.8332778163798742,-0.0005807727554359488,0.5528541791758431,0.0006733336341152303,0.9999997726761054,3.563081156612635e-05,-0.5528540741922826,0.00034256494874259865,0.8332780180097458,0.07067476,0.00053124205,0.11086681,0.0007745616,1.5822337e-05,-0.015304952,1.0445532,-0.056456868,-6.071176e-05,0.0067547746,0.8369175257917197,0.0009481324117090706,-0.5473281977640071,-0.0007829443671552911,0.9999995503360772,0.000535094161003266,0.5473284589903801,-1.9302151867862916e-05,0.8369178917950332,0.0013245582,0.02349929,0.090642974,-0.02708297,-0.036235575,0.011577643,0.41692233,0.0002133729,-0.011295631,0.0023681242,0.9995622885178206,-0.027078356769362804,-0.01191612217494707,0.022831246153728776,0.9622045617033022,-0.2713689658682879,0.01881397278846248,0.270978124637446,0.9624016263472791,left_images/camera_left_12.png,right_images/camera_right_12.png
2025-05-30 17:02:34,0.7302713394165039,13,-0.03432311,-0.00027697044,0.11403821,-0.0006742119,0.00029399683,-0.027665025,1.0471792,0.05790705,2.6582396e-05,0.0020310753,0.8332778288575591,-0.000580938562296078,0.55285416019491,0.0006732902942470612,0.9999997726922069,3.599603131527722e-05,-0.5528540554383337,0.00034223664537145993,0.8332780305873103,0.07067476,0.0005312393,0.11086681,0.00077453774,1.5843149e-05,-0.015304952,1.0420425,-0.056456868,-6.071176e-05,0.0067547746,0.8369175257917197,0.0009481324117090706,-0.5473281977640071,-0.0007829443671552911,0.9999995503360772,0.000535094161003266,0.5473284589903801,-1.9302151867862916e-05,0.8369178917950332,0.00034960825,0.026609557,0.09064635,-0.04891317,-0.051307116,0.02614127,0.39025524,0.00022943855,-0.011303126,0.0023753354,0.9985195542381445,-0.04883786031413897,-0.023949179610030343,0.04005616246915871,0.958082706761596,-0.2836776883235931,0.036799506142082994,0.2822984066627191,0.9586205745462533,left_images/camera_left_13.png,right_images/camera_right_13.png
2025-05-30 17:02:34,0.7967588901519775,14,-0.03432311,-0.0002769757,0.1140381,-0.000674182,0.0002940064,-0.027665025,1.0205145,0.05790711,2.6578671e-05,0.0020311647,0.8332778288575591,-0.000580938562296078,0.55285416019491,0.0006732902942470612,0.9999997726922069,3.599603131527722e-05,-0.5528540554383337,0.00034223664537145993,0.8332780305873103,0.07067476,0.00053123606,0.1108667,0.00077452615,1.5866475e-05,-0.015304979,1.0153778,-0.056456927,-6.071176e-05,0.006754864,0.8369175257917197,0.0009481324117090706,-0.5473281977640071,-0.0007829443671552911,0.9999995503360772,0.000535094161003266,0.5473284589903801,-1.9302151867862916e-05,0.8369178917950332,-0.00018591314,0.02790068,0.09062915,-0.06995827,-0.056479633,0.03966909,0.36358827,0.0002780375,-0.01132202,0.0023963666,0.9969326607155728,-0.06978376573662147,-0.03543297952733651,0.056642180976410765,0.955756641553135,-0.2886536080864184,0.05400864127900129,0.2857612082958224,0.9567777163482162,left_images/camera_left_14.png,right_images/camera_right_14.png
2025-05-30 17:02:34,0.8490238189697266,15,-0.03432311,-0.00027697667,0.1140381,-0.00067416445,0.0002940106,-0.027665025,0.99384886,0.05790711,2.6578671e-05,0.0020311647,0.8332778288575591,-0.000580938562296078,0.55285416019491,0.0006732902942470612,0.9999997726922069,3.599603131527722e-05,-0.5528540554383337,0.00034223664537145993,0.8332780305873103,0.07067476,0.00053123257,0.1108667,0.00077450264,1.5889587e-05,-0.015304979,0.9887114,-0.056456927,-6.071176e-05,0.006754864,0.8369175257917197,0.0009481324117090706,-0.5473281977640071,-0.0007829443671552911,0.9999995503360772,0.000535094161003266,0.5473284589903801,-1.9302151867862916e-05,0.8369178917950332,-0.00018446546,0.025873533,0.0904731,-0.09653878,-0.055572826,0.054155644,0.336922,0.0003856312,-0.011172666,0.0026004035,0.9941838449188162,-0.09623427528342661,-0.04834714844862245,0.0780860231912975,0.9532894124371425,-0.29179079683467735,0.07416910060535734,0.28631845975403236,0.9552594852287367,left_images/camera_left_15.png,right_images/camera_right_15.png
2025-05-30 17:02:34,0.9147045612335205,16,-0.03432311,-0.00027697667,0.1140381,-0.00067414687,0.00029401478,-0.027665025,0.96718055,0.05790711,2.6578671e-05,0.0020311647,0.8332778288575591,-0.000580938562296078,0.55285416019491,0.0006732902942470612,0.9999997726922069,3.599603131527722e-05,-0.5528540554383337,0.00034223664537145993,0.8332780305873103,0.07067476,0.0005312291,0.1108667,0.0007744791,1.5912701e-05,-0.015304979,0.9620431,-0.056456927,-6.0721755e-05,0.006754836,0.8369175261331009,0.0009477379071404458,-0.5473281979252573,-0.0007825498625559672,0.9999995507077664,0.0005349766143841396,0.5473284590325658,-1.9419698590020695e-05,0.8369178917647252,3.2567532e-05,0.02221852,0.0902272,-0.1229796,-0.0501003,0.06833289,0.31025568,0.0005203442,-0.01097294,0.0029086731,0.9905488083743617,-0.12251635440577474,-0.061666856018862806,0.0994006857827521,0.9510087624521919,-0.2927487615773453,0.09451223145207789,0.2838522091551683,0.9541988060481316,left_images/camera_left_16.png,right_images/camera_right_16.png
2025-05-30 17:02:34,0.9792191982269287,17,-0.03432311,-0.00027697667,0.1140381,-0.0006741293,0.00029401897,-0.027665025,0.94051224,0.05790711,2.6578671e-05,0.0020311647,0.8332778288575591,-0.000580938562296078,0.55285416019491,0.0006732902942470612,0.9999997726922069,3.599603131527722e-05,-0.5528540554383337,0.00034223664537145993,0.8332780305873103,0.07067476,0.0005312495,0.1108667,0.000774447,1.584259e-05,-0.015304979,0.9353748,-0.056456927,-6.0721755e-05,0.006754836,0.8369175261331009,0.0009477379071404458,-0.5473281979252573,-0.0007825498625559672,0.9999995507077664,0.0005349766143841396,0.5473284590325658,-1.9419698590020695e-05,0.8369178917647252,0.0010890848,0.015276138,0.089857675,-0.16139945,-0.032162964,0.08258336,0.28358948,0.0007631298,-0.0107139265,0.0033567725,0.9839781401095081,-0.16063498805764975,-0.0773525720215682,0.13237392598586994,0.9488659752485271,-0.2865842018233893,0.11943267352663844,0.27175312625134673,0.9549272615581247,left_images/camera_left_17.png,right_images/camera_right_17.png
2025-05-30 17:02:34,1.0303919315338135,18,-0.03432311,-0.00027697667,0.1140381,-0.0006741117,0.00029402316,-0.027665025,0.9138439,0.057907112,2.6590096e-05,0.0020311936,0.8332779236770514,-0.0005807184912001942,0.5528540175114007,0.0006729545916268302,0.9999997729142894,3.610384270594195e-05,-0.5528539129323222,0.00034196111449686696,0.833278125248717,0.07067476,0.00053126464,0.1108667,0.0007745141,1.5755777e-05,-0.015304979,0.9087065,-0.056456927,-6.071176e-05,0.006754864,0.8369175257917197,0.0009481324117090706,-0.5473281977640071,-0.0007829443671552911,0.9999995503360772,0.000535094161003266,0.5473284589903801,-1.9302151867862916e-05,0.8369178917950332,0.0023453597,0.008057862,0.08953983,-0.20793097,-0.0039880536,0.09248522,0.2569226,0.0010417886,-0.010590022,0.0037200414,0.9741392028488743,-0.20642431804646336,-0.09187934692852523,0.1748484941929511,0.9462466190572527,-0.2721127339930568,0.1431112069385808,0.24901071631913974,0.9578689083621055,left_images/camera_left_18.png,right_images/camera_right_18.png
2025-05-30 17:02:34,1.0890862941741943,19,-0.03432311,-0.00027698773,0.1140381,-0.00067405717,0.00029402232,-0.027664969,0.8871756,0.057907112,2.6590096e-05,0.0020311936,0.8332779236770514,-0.0005807184912001942,0.5528540175114007,0.0006729545916268302,0.9999997729142894,3.610384270594195e-05,-0.5528539129323222,0.00034196111449686696,0.833278125248717,0.07067476,0.00053126225,0.1108667,0.0007744906,1.5778882e-05,-0.015304979,0.8820382,-0.056456927,-6.071176e-05,0.006754864,0.8369175257917197,0.0009481324117090706,-0.5473281977640071,-0.0007829443671552911,0.9999995503360772,0.000535094161003266,0.5473284589903801,-1.9302151867862916e-05,0.8369178917950332,0.0030442073,0.00048470873,0.089333445,-0.25049284,0.027856374,0.10005488,0.23025587,0.0013069741,-0.010468215,0.0039813668,0.9629474922358996,-0.24769795198583464,-0.10666701354502799,0.21431754169436737,0.9429289377551973,-0.25485880339108985,0.16370741742106593,0.22255503347684197,0.9610770721203614,left_images/camera_left_19.png,right_images/camera_right_19.png
2025-05-30 17:02:34,1.151540994644165,20,-0.037402455,-0.0039651063,0.11403267,0.06436733,0.026702484,0.019572966,0.8605091,0.057952225,-3.894919e-05,0.0020137783,0.8550077742006958,0.042333511993653976,0.5168844936914386,-0.06386653572293796,0.9976713877876507,0.02393465279910257,-0.5146676322357201,-0.053475936197004116,0.8557204874120588,0.07489348,-0.0042685345,0.11088225,-0.09573504,0.030965434,-0.0793859,0.8553713,-0.05651509,-0.00015179053,0.0067371903,0.8643419667175181,-0.06387080951763732,-0.49883212031950647,0.09318107755796151,0.9950668177548114,0.034048714930963495,0.4941965715745406,-0.07591144771952743,0.8660295611288885,0.0031295726,-0.007829017,0.08920914,-0.2946851,0.06476473,0.1061844,0.20358926,0.0015757768,-0.010336114,0.0041805347,0.9491693769597618,-0.28964823815625845,-0.12321279144144412,0.255752754329652,0.9378619812804755,-0.23453237030622776,0.18348848055018088,0.19109893302066405,0.9642682071414309,left_images/camera_left_20.png,right_images/camera_right_20.png
2025-05-30 17:02:34,1.2223222255706787,21,-0.04328055,-0.0096651735,0.11385631,0.1595921,0.06225059,0.079809986,0.83384186,0.057831664,-0.00011939331,0.0023571989,0.8727131251689707,0.10548114156763416,0.476702768957132,-0.15427492826317052,0.9859350567329672,0.06427527062839886,-0.4632181426360605,-0.12963715778490764,0.8767115601235385,0.080508776,-0.009179196,0.11107759,-0.21233058,0.04646847,-0.15661545,0.8287042,-0.05638792,-9.204971e-05,0.0066919066,0.8833031830429069,-0.1519291048756716,-0.4435008837848538,0.2024982063909763,0.976872518727395,0.06866264314482294,0.4228119714893451,-0.150458064745207,0.8936399764549595,0.00199259,-0.015460584,0.089139864,-0.370778,0.10694729,0.10588927,0.17692295,0.0018087208,-0.0102913575,0.0043235207,0.9225150725795933,-0.36008507945906865,-0.13894126965888925,0.3274232821028964,0.9207322093898577,-0.21224088420716378,0.20435247784266064,0.15030280816747163,0.9672895795244242,left_images/camera_left_21.png,right_images/camera_right_21.png
2025-05-30 17:02:34,1.2827303409576416,22,-0.04988758,-0.013325389,0.11358069,0.24152403,0.08015841,0.13413379,0.8071753,0.05762678,-0.00017278333,0.0028949669,0.8810553478793868,0.16379131308282868,0.4437497940638795,-0.22839273514776598,0.9688379381347301,0.09586348711875256,-0.41422002909668076,-0.18581026717985097,0.8910085926104737,0.08569613,-0.012241133,0.11139681,-0.3206443,0.047535986,-0.21524745,0.80203736,-0.056079354,-5.136704e-05,0.006627734,0.8828460619256513,-0.23757680434472062,-0.40514206518173257,0.3008615196110308,0.9484713027030929,0.09942099358807052,0.3606455004013085,-0.20966509005089087,0.9088318728204031,-0.00084593653,-0.022061752,0.08910759,-0.4806065,0.15116736,0.09446913,0.15025705,0.0019785664,-0.010293995,0.0044366512,0.876281298865907,-0.4571551334831674,-0.1521192597532145,0.4280033967911584,0.8835977629178376,-0.1899159964347989,0.22123331031539706,0.10131227613956623,0.9699441453559638,left_images/camera_left_22.png,right_images/camera_right_22.png
2025-05-30 17:02:34,1.3494932651519775,23,-0.057846278,-0.0145022655,0.113272704,0.32343805,0.081945114,0.18935998,0.7805085,0.057336364,-0.0002914674,0.0035391478,0.8828506280651789,0.22723650142838125,0.41102109549694466,-0.3002274050729865,0.9460544879729473,0.12183764208726873,-0.3611623925162476,-0.23096423577002956,0.9034474240525047,0.091241315,-0.013833179,0.11177282,-0.4299701,0.035424557,-0.2648725,0.7753707,-0.05566948,-1.6507343e-05,0.0065648174,0.8674698437321865,-0.3270609547539106,-0.37486958010849103,0.397460019286452,0.9088110199529992,0.12683872863129178,0.29920160976182775,-0.25902444264480096,0.918359806845052,-0.004825791,-0.028341709,0.08902827,-0.5972764,0.1927067,0.07327116,0.123590715,0.0021004216,-0.010252271,0.00462606,0.8171825577719468,-0.5527886636778178,-0.1632095603284046,0.5290137154220372,0.8317445349780509,-0.16836127057467087,0.2288168616353929,0.0512417978162179,0.9721199113215875,left_images/camera_left_23.png,right_images/camera_right_23.png
2025-05-30 17:02:34,1.4034686088562012,24,-0.06762893,-0.014520258,0.11301534,0.4178422,0.07223352,0.25050813,0.7538412,0.056914166,-0.0004534261,0.0042418484,0.8758584952093182,0.30313094836836885,0.37547772838207305,-0.38032173105130473,0.9125351368822956,0.15044934312036368,-0.2970307682039145,-0.2745746749001138,0.9145389388340385,0.09910809,-0.015048036,0.11218493,-0.5466412,0.010337471,-0.31969902,0.7487041,-0.05513595,4.549336e-05,0.0065838164,0.8390587725372013,-0.42363749095754116,-0.34133803257704004,0.4953790885399237,0.8542887610634323,0.1574492659813324,0.22489983296063082,-0.3012009113132049,0.9266596333920969,-0.009267658,-0.03451477,0.088842236,-0.71393925,0.22767235,0.047447708,0.09692375,0.0022061104,-0.010100494,0.0049602566,0.748535575294359,-0.6397455775852039,-0.17441355589207175,0.6216149711270831,0.7685715273743982,-0.15130312283644515,0.23084479675621622,0.004837692586189449,0.972978559137365,left_images/camera_left_24.png,right_images/camera_right_24.png
2025-05-30 17:02:34,1.4752843379974365,25,-0.078124486,-0.014262889,0.112815216,0.5135105,0.05630011,0.30198517,0.7271757,0.05635459,-0.00059735077,0.004975278,0.8566810415621661,0.3794247110582831,0.34947744085462873,-0.45861990007680475,0.8703595249184662,0.17928213697198978,-0.23614694637344733,-0.3138649168385024,0.919632227412924,0.10885137,-0.015874932,0.11258153,-0.6633098,-0.02816195,-0.37010276,0.7220379,-0.054532126,0.00014441647,0.006703181,0.7956746409919504,-0.5204053927689234,-0.30996789004565206,0.5877286758983502,0.7871002629118974,0.18721159058881476,0.14654988641791183,-0.3311365327188237,0.9321328915395339,-0.012984395,-0.03901159,0.0886103,-0.82540387,0.24880126,0.021717101,0.07025726,0.002285616,-0.009867764,0.0053347917,0.6747615317036326,-0.7149969243918178,-0.18296522468274964,0.7011547549140985,0.6984194671535345,-0.1435000263495571,0.23038855222063084,-0.03145863969109751,0.9725900827144329,left_images/camera_left_25.png,right_images/camera_right_25.png
2025-05-30 17:02:34,1.5273571014404297,26,-0.09032298,-0.01365,0.11264663,0.6208366,0.030790763,0.349975,0.7005098,0.0556516,-0.00073345867,0.005788006,0.8227258859625646,0.46385573563131216,0.32857262985380825,-0.542494610790603,0.8133511800257521,0.21014151235267353,-0.16976959041673373,-0.35113774287685307,0.9208043069496817,0.12020909,-0.016731966,0.11293146,-0.7799803,-0.078131534,-0.41472524,0.695372,-0.05391651,0.00026426022,0.006934195,0.737106859009997,-0.6146591693981975,-0.28083372994555766,0.6726341682082089,0.7073535063431403,0.21728850135917474,0.0650903538112033,-0.34906320708258964,0.9348358804100052,-0.016744105,-0.04335616,0.08834009,-0.9092672,0.26222596,0.00080316444,0.043590717,0.002251645,-0.009583274,0.0057431273,0.6146594888284489,-0.7658789986934369,-0.18874075382250688,0.755151245785654,0.6404852136630945,-0.13973291332866045,0.2279041657836131,-0.056639654300485134,0.9720347940167557,left_images/camera_left_26.png,right_images/camera_right_26.png
2025-05-30 17:02:35,1.5786573886871338,27,-0.10483869,-0.011642976,0.112462044,0.73655117,-0.015703036,0.39381322,0.67384315,0.054919515,-0.0008578659,0.0066715386,0.7713531873483341,0.5575576188962466,0.306828554698407,-0.6292047559085843,0.7404658356617417,0.23624504515391898,-0.09547583730758508,-0.3752863544395214,0.9219785879628166,0.13157696,-0.018591715,0.113226846,-0.89665157,-0.13033484,-0.45026034,0.6687061,-0.053343974,0.00039272918,0.0072331177,0.6651143037064593,-0.7003374525869254,-0.2591339721247055,0.7465792443104454,0.6164119764376582,0.25031122082132845,-0.015569038824401762,-0.35994961843051837,0.9328418286193048,-0.019502526,-0.04739992,0.08809715,-0.9488899,0.27039334,-0.008724103,0.01692346,0.0021862898,-0.009318829,0.006101365,0.5849325091731568,-0.7877733736788736,-0.19304681151213168,0.7784127231362029,0.6121098644434494,-0.13926645795274228,0.22787626504766986,-0.06880861554796426,0.9712557759181133,left_images/camera_left_27.png,right_images/camera_right_27.png
2025-05-30 17:02:35,1.6347618103027344,28,-0.1211413,-0.010384446,0.11223812,0.85225207,-0.068388574,0.43260542,0.6471764,0.054147243,-0.0009608355,0.0076880585,0.707404484532271,0.645332487542103,0.28831384945290783,-0.7065819590263301,0.6560059086445668,0.26532655917176917,-0.017911740343862864,-0.39141056238448435,0.9200418149256675,0.14248292,-0.021514423,0.11349724,-1.0133334,-0.18941619,-0.4723053,0.6420417,-0.05287656,0.0006144999,0.007510092,0.5786541590042409,-0.7784288255280607,-0.24332679230635224,0.810439692249471,0.5154023501311249,0.278474276560504,-0.0913612034382074,-0.3583419889802439,0.9291093312630141,-0.020889241,-0.050247308,0.08791291,-0.9513111,0.27298218,-0.0040719323,0.0013394756,0.0021348489,-0.009113885,0.006360422,0.5821501382991927,-0.7888959463321077,-0.19683597826362756,0.7785950440573333,0.6106337395246496,-0.14462431857575625,0.23428822814556896,-0.06906245010793438,0.969710990005527,left_images/camera_left_28.png,right_images/camera_right_28.png
2025-05-30 17:02:35,1.6886065006256104,29,-0.13630947,-0.010503784,0.1120238,0.9466375,-0.11249967,0.45700538,0.62050974,0.053382322,-0.0009907177,0.008680436,0.6464983527803891,0.7095136828287286,0.28041079460509033,-0.7616957374245007,0.5795094324056911,0.28980755915293194,0.04312172818417667,-0.40094781659419004,0.9150854413259791,0.15181781,-0.025975615,0.113752946,-1.130022,-0.25271443,-0.47965574,0.61537796,-0.052592926,0.00095549366,0.0076904017,0.4794202354406918,-0.846345803251906,-0.23206684202590788,0.8629058740200479,0.40645576603840544,0.3003117760525386,-0.1598427052814383,-0.34422738353015886,0.9251798841286446,-0.021535862,-0.05202115,0.0877736,-0.95141923,0.2741131,0.0016596887,8.887878e-05,0.002127433,-0.00897371,0.006550097,0.5809736070377552,-0.7888547517418191,-0.20044412832480965,0.7774637123514426,0.6107391506003832,-0.1501594682350588,0.24087308671217936,-0.06859934823506214,0.9681292710787499,left_images/camera_left_29.png,right_images/camera_right_29.png
2025-05-30 17:02:35,1.7457211017608643,30,-0.1495979,-0.011838867,0.11188954,1.0172282,-0.1490617,0.47282687,0.59384304,0.052676212,-0.00090253353,0.009522012,0.5958898902310046,0.7540387336035304,0.27629843818969624,-0.7981560105227479,0.5181014878608702,0.3074375239666814,0.0886691693143252,-0.4037281715485516,0.910571986122553,0.15914881,-0.03173401,0.114006445,-1.246694,-0.3125823,-0.47729334,0.58871204,-0.05244304,0.0012978173,0.0077849943,0.37350495395760214,-0.8997361206563759,-0.22576306729698906,0.9004068006522152,0.2931168804152428,0.3214810845988893,-0.2230731779223389,-0.3233533788316609,0.9196091287551342,-0.022507269,-0.052756824,0.08765524,-0.98140633,0.27550787,-0.0010344642,6.1176597e-06,0.00213396,-0.00886373,0.0067112558,0.556910768243233,-0.8052064819771829,-0.20369810405759908,0.7938931334331081,0.5881368569038251,-0.15436557336093726,0.2440985229420557,-0.07574667605392392,0.9667876458479848,left_images/camera_left_30.png,right_images/camera_right_30.png
2025-05-30 17:02:35,1.7971830368041992,31,-0.16095698,-0.014532781,0.11192728,1.076118,-0.18300796,0.4850505,0.5671763,0.05202914,-0.00067173387,0.010116194,0.5498805805371534,0.789717890465458,0.2719871332010211,-0.8254605945684124,0.4641263820838126,0.32124991559306887,0.12746040154842686,-0.4011637507709011,0.9070950838277849,0.1642394,-0.038172025,0.114202835,-1.3575348,-0.3582711,-0.47664753,0.56204337,-0.052336656,0.0015037954,0.007895966,0.274590932217684,-0.9343701148244326,-0.22705133443078515,0.9181992962553207,0.18468420688868187,0.35043087204487655,-0.28549933852823084,-0.30470351532083695,0.9086505904092438,-0.024335988,-0.05203858,0.08755708,-1.0559409,0.27776298,-0.016206153,9.28654e-07,0.0021336656,-0.00879137,0.006845032,0.4967850943847143,-0.8428201739799436,-0.2070234873863066,0.8336004047196651,0.5297656954567784,-0.15639268898643063,0.241484855111829,-0.09488130611249848,0.965754939154859,left_images/camera_left_31.png,right_images/camera_right_31.png
2025-05-30 17:02:35,1.8480963706970215,32,-0.16992407,-0.018589584,0.11215933,1.1256363,-0.21356346,0.49590215,0.5405096,0.05145253,-0.0003080021,0.010422968,0.5085439612371438,0.8186691395759382,0.26676558885138746,-0.845746002592406,0.416807740465244,0.33314412284659023,0.16154485008257163,-0.3950343622955489,0.9043512116526127,0.16717711,-0.044607654,0.11431541,-1.4401548,-0.39355037,-0.47672182,0.5353824,-0.052363213,0.0017564539,0.007980959,0.1988731109524136,-0.9532053910291028,-0.22770368519891018,0.9218541187641792,0.10309214069910949,0.3735732782782969,-0.33261760244705607,-0.284203260078294,0.8992185704839741,-0.025953623,-0.05104858,0.08745326,-1.1372721,0.27918226,-0.035401586,4.3397725e-07,0.0021365026,-0.008732005,0.0069806427,0.42882900919983674,-0.8786673446329125,-0.20987943764083491,0.8723546689934811,0.46313695416022777,-0.1565295281295547,0.23474030832807632,-0.11596490489339359,0.9651161217589861,left_images/camera_left_32.png,right_images/camera_right_32.png
2025-05-30 17:02:35,1.8999512195587158,33,-0.1766909,-0.023841988,0.11253091,1.1641585,-0.23898019,0.50689286,0.513843,0.050939456,0.00017701602,0.010507498,0.47458235613233,0.8406724527516061,0.260847492670497,-0.8594211399025973,0.37853076706435407,0.34367100935952133,0.19017594889051226,-0.3872780468478306,0.9021357009304769,0.1679305,-0.05070892,0.11426519,-1.5049992,-0.4175525,-0.4719239,0.50872576,-0.052532572,0.0020558566,0.008078571,0.1390267753729607,-0.9627358296769531,-0.23197258024521922,0.9207936575235208,0.03946927716355331,0.3880479563464333,-0.36443188114358643,-0.2675479366700759,0.8919683321675337,-0.026930481,-0.05045036,0.08733955,-1.2203922,0.2775711,-0.058529735,2.0929369e-07,0.0021353473,-0.008638983,0.007128804,0.3573682205315858,-0.9098771809392788,-0.2107402917338743,0.9068250219500485,0.3920341686354024,-0.15484698959825594,0.22350913744046655,-0.13576717654992854,0.9651999478099234,left_images/camera_left_33.png,right_images/camera_right_33.png
2025-05-30 17:02:35,1.9520423412322998,34,-0.18249172,-0.030007679,0.11300511,1.1919322,-0.2621773,0.523599,0.48717648,0.050462045,0.0007447924,0.010473008,0.4487637521127765,0.8577660172740141,0.2506961395784502,-0.8666481760402217,0.3492891972986142,0.3562555201209471,0.218018425266809,-0.37713991602635377,0.9001296850919958,0.16651717,-0.05584841,0.113977715,-1.5639621,-0.42729586,-0.45611402,0.48207286,-0.05280931,0.0023371165,0.008242647,0.08690114871162863,-0.9654025359197477,-0.24585795490957735,0.9199714031093486,-0.016921785980748227,0.39162005901158653,-0.38223135378147116,-0.2602145207303815,0.8866722028954341,-0.0270452,-0.051394198,0.08725127,-1.2899259,0.27353078,-0.08029136,2.4998798e-07,0.0021439223,-0.008442118,0.0072754472,0.29624390722192395,-0.9316807658519471,-0.2102629258224512,0.9312863943568322,0.3306322385975403,-0.15293127373376028,0.2120028280937291,-0.1505100439887939,0.9656094073375384,left_images/camera_left_34.png,right_images/camera_right_34.png
2025-05-30 17:02:35,2.0012035369873047,35,-0.18823168,-0.03717313,0.11356364,1.2148043,-0.28872573,0.5235988,0.4605096,0.049929135,0.0015973588,0.010324222,0.4195083017138692,0.8742199210172771,0.24444286549149102,-0.8785617523949621,0.3232817833848441,0.35159370836266135,0.22834629846318655,-0.3622546317551518,0.9036755777103311,0.16458988,-0.060115088,0.11353443,-1.6159708,-0.43379775,-0.43849462,0.45541015,-0.05319431,0.002569204,0.00849097,0.04083884901505763,-0.9650053256842118,-0.25903071210231754,0.9179352956181904,-0.06615413996415631,0.3911756930382412,-0.39462258104354697,-0.2537485983541805,0.8831107899713478,-0.025784599,-0.05586929,0.08725748,-1.3484933,0.26625824,-0.10263892,3.4943176e-07,0.00219509,-0.007959792,0.0074028913,0.24437447187994993,-0.9471757427657771,-0.2076998551022466,0.9485775688977091,0.2779513451120515,-0.15147159976217744,0.2012006791179085,-0.16000363141660223,0.9663938765617219,left_images/camera_left_35.png,right_images/camera_right_35.png
2025-05-30 17:02:35,2.0528223514556885,36,-0.19307055,-0.04421515,0.11411491,1.2325567,-0.31212053,0.52359885,0.4338429,0.049453408,0.0024398707,0.010143755,0.394580856729976,0.8875251555191374,0.23791814941901585,-0.8880891556153697,0.3019132133930039,0.34662092155132534,0.2358041542904148,-0.3480625086093609,0.9073306403511019,0.16262461,-0.06415648,0.11304008,-1.6598568,-0.4397615,-0.42300394,0.42874467,-0.05363297,0.0028076754,0.008772917,0.0012751163794967324,-0.9631338439818796,-0.2690196510571435,0.9146799882868119,-0.10760835356938392,0.38959076127357606,-0.4041768092133154,-0.2465636648388707,0.8808220399577706,-0.023623595,-0.061776668,0.087333664,-1.3963729,0.2572206,-0.1213078,2.0390273e-07,0.0022841496,-0.007352449,0.007494447,0.2011846964359154,-0.9579138873606261,-0.20475766730855782,0.9602369022861657,0.2341677587242268,-0.15202155196530825,0.19357119984092974,-0.16603145839185357,0.9669352333100789,left_images/camera_left_36.png,right_images/camera_right_36.png
2025-05-30 17:02:35,2.1106550693511963,37,-0.19696733,-0.051780794,0.11469813,1.2460142,-0.33181578,0.52359885,0.4071761,0.049001932,0.0033478676,0.009902344,0.3734002462604644,0.8981895372861386,0.23200821365274377,-0.8960225315310506,0.2844314813063087,0.3409433316998394,0.2402412934557927,-0.3351929109507115,0.911004848157833,0.16054416,-0.06832472,0.11255787,-1.6965185,-0.44413504,-0.40964794,0.40207922,-0.054073043,0.0030920575,0.009040078,-0.03219764605218578,-0.960246159804286,-0.2772915869077537,0.911043007824325,-0.14229616997435413,0.38697860135288725,-0.4110522466586277,-0.24016476134468995,0.8794071513952698,-0.02091961,-0.06854592,0.0874546,-1.4365853,0.2449312,-0.1360142,4.554989e-07,0.002358464,-0.0066560344,0.0075589903,0.16377660558838436,-0.9660937777518898,-0.19959968950634355,0.9681650893392922,0.19623380540340662,-0.15539837000926937,0.18929760496790926,-0.16779483366891818,0.9674767751979543,left_images/camera_left_37.png,right_images/camera_right_37.png
2025-05-30 17:02:35,2.1628196239471436,38,-0.20001811,-0.05899918,0.11530343,1.2573429,-0.34812483,0.5235988,0.38050944,0.04856959,0.004215097,0.009610681,0.3550052567162493,0.9068601720683618,0.2271032717068851,-0.9026106566789189,0.2692302773862929,0.3358706003629233,0.24344459360084525,-0.32422166191456286,0.9141198191658894,0.15815084,-0.07241377,0.1121138,-1.7267567,-0.44530153,-0.3978012,0.37541407,-0.054486584,0.0034075105,0.009264135,-0.059705579640821405,-0.9565214956248325,-0.28548532741173743,0.907782980864692,-0.1709773388728863,0.38301019470029807,-0.41516900584240096,-0.23629087582803443,0.8785222356823148,-0.018053943,-0.0755872,0.0876019,-1.4647753,0.23172912,-0.14930837,3.208953e-07,0.0024121641,-0.0059740543,0.0075951787,0.13732345238924187,-0.9716420866984421,-0.19249396037329825,0.9730430660346443,0.16867899301252115,-0.15727234009253133,0.18528211210421425,-0.1657077326879441,0.9686131767953718,left_images/camera_left_38.png,right_images/camera_right_38.png
