Epoch Time (Seconds),Time (Seconds),Frame Number,PSM1_joint_1,PSM1_joint_2,PSM1_joint_3,PSM1_joint_4,PSM1_joint_5,PSM1_joint_6,PSM1_jaw_angle,PSM1_ee_x,PSM1_ee_y,PSM1_ee_z,"PSM1_Orientation_Matrix_[1,1]","PSM1_Orientation_Matrix_[1,2]","PSM1_Orientation_Matrix_[1,3]","PSM1_Orientation_Matrix_[2,1]","PSM1_Orientation_Matrix_[2,2]","PSM1_Orientation_Matrix_[2,3]","PSM1_Orientation_Matrix_[3,1]","PSM1_Orientation_Matrix_[3,2]","PSM1_Orientation_Matrix_[3,3]",PSM2_joint_1,PSM2_joint_2,PSM2_joint_3,PSM2_joint_4,PSM2_joint_5,PSM2_joint_6,PSM2_jaw_angle,PSM2_ee_x,PSM2_ee_y,PSM2_ee_z,"PSM2_Orientation_Matrix_[1,1]","PSM2_Orientation_Matrix_[1,2]","PSM2_Orientation_Matrix_[1,3]","PSM2_Orientation_Matrix_[2,1]","PSM2_Orientation_Matrix_[2,2]","PSM2_Orientation_Matrix_[2,3]","PSM2_Orientation_Matrix_[3,1]","PSM2_Orientation_Matrix_[3,2]","PSM2_Orientation_Matrix_[3,3]",PSM3_joint_1,PSM3_joint_2,PSM3_joint_3,PSM3_joint_4,PSM3_joint_5,PSM3_joint_6,PSM3_jaw_angle,PSM3_ee_x,PSM3_ee_y,PSM3_ee_z,"PSM3_Orientation_Matrix_[1,1]","PSM3_Orientation_Matrix_[1,2]","PSM3_Orientation_Matrix_[1,3]","PSM3_Orientation_Matrix_[2,1]","PSM3_Orientation_Matrix_[2,2]","PSM3_Orientation_Matrix_[2,3]","PSM3_Orientation_Matrix_[3,1]","PSM3_Orientation_Matrix_[3,2]","PSM3_Orientation_Matrix_[3,3]",Camera Left,Camera Right
2025-06-27 14:39:51,0.002079486846923828,1,-0.03508212,-0.011973868,0.113617346,0.023881143,0.07870687,0.09248338,1.0471802,0.059016388,-7.108593e-05,0.0019326499,0.8928405235051511,-0.015176768629680116,0.4501171683917519,-0.017618809904947328,0.9974899654549715,0.06858094745753379,-0.4500281959217454,-0.06916237785531118,0.8903320663464942,0.05699387,-0.011985513,0.112333186,-0.0449412,0.07653359,-0.09949632,1.047179,-0.0575965,-6.471033e-05,0.0043495,0.8854334518927153,-0.0020505145391934466,-0.46476165683011694,0.03830077230974707,0.9969108465784106,0.06856978062378419,0.4631853334355782,-0.07851470794979457,0.8827767484056945,-0.0059411135,-0.015216959,0.095234714,-0.20376603,0.8124467,-0.10939463,0.0019418978,0.0011513834,-0.021511108,0.0006351564,0.9890440052656159,-0.14341595728080106,-0.0349831222931838,0.14087544209378908,0.8461461896095789,0.5139948789862309,-0.044114231978216414,-0.5132918166174306,0.857079602796934,left_images/camera_left_1.png,right_images/camera_right_1.png
2025-06-27 14:39:51,0.06846928596496582,2,-0.035055168,-0.011987729,0.113622144,0.0238556,0.078726046,0.09247188,1.0471802,0.05901639,-6.9769856e-05,0.0019269399,0.89284805530895,-0.015199781177917497,0.450101451656368,-0.01759327962187958,0.9974902061349781,0.06858400088173211,-0.45001425160007175,-0.06915385250976622,0.8903397767368842,0.05699387,-0.011985513,0.112333186,-0.0449412,0.07653359,-0.09949632,1.047179,-0.0575965,-6.471033e-05,0.0043495,0.8854334518927153,-0.0020505145391934466,-0.46476165683011694,0.03830077230974707,0.9969108465784106,0.06856978062378419,0.4631853334355782,-0.07851470794979457,0.8827767484056945,-0.0059287804,-0.015200784,0.095232606,-0.20360614,0.8122299,-0.109318994,0.0019330861,0.0011505585,-0.021510001,0.00063489936,0.9890586502726633,-0.14333050562051527,-0.03491922793225081,0.1407784903545308,0.8462672445689412,0.5138221165181495,-0.044095384954849,-0.5131160852363322,0.8571857908863307,left_images/camera_left_2.png,right_images/camera_right_2.png
2025-06-27 14:39:51,0.12778735160827637,3,-0.03513396,-0.011879096,0.11361715,0.023417294,0.07798824,0.09288732,1.0471799,0.05901512,-6.8561174e-05,0.0019330429,0.8930102697253238,-0.015241104422034633,0.4497781307501522,-0.017187029946141477,0.9975422802044587,0.06792646911270789,-0.44970797654337286,-0.06838938470615055,0.8905535513896844,0.05699387,-0.011985513,0.112333186,-0.0449412,0.07653359,-0.09949632,1.047179,-0.0575965,-6.471033e-05,0.0043495,0.8854334518927153,-0.0020505145391934466,-0.46476165683011694,0.03830077230974707,0.9969108465784106,0.06856978062378419,0.4631853334355782,-0.07851470794979457,0.8827767484056945,-0.0059590726,-0.015182911,0.09523068,-0.20395008,0.8120247,-0.10954276,0.0019412644,0.0011497224,-0.021508645,0.00063462276,0.9890183726618376,-0.14361323517761568,-0.03489838419109838,0.14101693350111713,0.846312315378658,0.5136824790708326,-0.0442366703456777,-0.512962672638306,0.8572703269543943,left_images/camera_left_3.png,right_images/camera_right_3.png
2025-06-27 14:39:51,0.1813197135925293,4,-0.035062753,-0.012056403,0.11361915,0.024412828,0.079375535,0.092123576,1.0471802,0.059013937,-7.411558e-05,0.0019327784,0.8926747985367173,-0.01503760857777365,0.45045041279334264,-0.018118924309604094,0.997437909170763,0.06920492707112348,-0.45033699452664777,-0.06993917126559586,0.8901152193302773,0.05699387,-0.011985513,0.112333186,-0.0449412,0.07653359,-0.09949632,1.047179,-0.0575965,-6.471033e-05,0.0043495,0.8854334518927153,-0.0020505145391934466,-0.46476165683011694,0.03830077230974707,0.9969108465784106,0.06856978062378419,0.4631853334355782,-0.07851470794979457,0.8827767484056945,-0.0059513235,-0.015199001,0.095232904,-0.20382477,0.8122653,-0.109510355,0.001935379,0.0011497944,-0.021510415,0.00063504,0.9890370939301547,-0.14348904914737615,-0.03487864109990151,0.14089082286394655,0.8462187183922248,0.5138712452310794,-0.04421993739156469,-0.5131518034825582,0.8571579922742852,left_images/camera_left_4.png,right_images/camera_right_4.png
2025-06-27 14:39:51,0.23374462127685547,5,-0.035026405,-0.012048848,0.113625504,0.024317762,0.07919784,0.09220874,1.04718,0.059014965,-7.1537856e-05,0.0019244486,0.8927315705180014,-0.015025268804165378,0.4503382998344967,-0.01803384543482896,0.9974516479036369,0.06902891070523677,-0.4502278572226458,-0.06974561915763187,0.8901856127735515,0.05699387,-0.011985513,0.112333186,-0.0449412,0.07653359,-0.09949632,1.047179,-0.0575965,-6.471033e-05,0.0043495,0.8854334518927153,-0.0020505145391934466,-0.46476165683011694,0.03830077230974707,0.9969108465784106,0.06856978062378419,0.4631853334355782,-0.07851470794979457,0.8827767484056945,-0.005943819,-0.015206763,0.095234655,-0.20372988,0.8124428,-0.1094853,0.0019358334,0.0011498395,-0.021512128,0.00063512754,0.9890513390910981,-0.14339426950222856,-0.03486448215630551,0.14079510457270356,0.8461478085947831,0.5140142260080038,-0.0442061892778213,-0.5132952069561609,0.8570728343293613,left_images/camera_left_5.png,right_images/camera_right_5.png
2025-06-27 14:39:51,0.2880105972290039,6,-0.035071753,-0.01201587,0.113619246,0.024246009,0.0789236,0.09235933,1.04718,0.05901499,-7.0348964e-05,0.0019315323,0.8927812603254524,-0.014960677866771561,0.4502419342192192,-0.017974460627227663,0.9974695405319433,0.06878542342789086,-0.4501316918156921,-0.06950319293932249,0.8902532034170852,0.05699387,-0.011985513,0.112333186,-0.0449412,0.07653359,-0.09949632,1.047179,-0.0575965,-6.471033e-05,0.0043495,0.8854334518927153,-0.0020505145391934466,-0.46476165683011694,0.03830077230974707,0.9969108465784106,0.06856978062378419,0.4631853334355782,-0.07851470794979457,0.8827767484056945,-0.005929531,-0.0151877655,0.09523249,-0.20357767,0.81223005,-0.10938768,0.001932157,0.0011494944,-0.02151136,0.0006346842,0.9890644976253156,-0.14331182789797103,-0.034830152479200446,0.14071577246785028,0.8462645460265182,0.5138437403698785,-0.04416436251049277,-0.5131257527381307,0.8571764526402766,left_images/camera_left_6.png,right_images/camera_right_6.png
2025-06-27 14:39:51,0.34274840354919434,7,-0.035076365,-0.011986954,0.11361488,0.024203666,0.078757286,0.092433006,1.04718,0.059017293,-7.075071e-05,0.0019348487,0.8928135700922716,-0.014923870114528894,0.45017908343224594,-0.01793977257024339,0.9974797488607703,0.06864630487347934,-0.4500689876221426,-0.0693644629003887,0.8902957248394042,0.05699387,-0.011985513,0.112333186,-0.0449412,0.07653359,-0.09949632,1.047179,-0.0575965,-6.471033e-05,0.0043495,0.8854334518927153,-0.0020505145391934466,-0.46476165683011694,0.03830077230974707,0.9969108465784106,0.06856978062378419,0.4631853334355782,-0.07851470794979457,0.8827767484056945,-0.005952601,-0.0151752075,0.09523068,-0.20387709,0.812055,-0.10940542,0.0019418529,0.0011507465,-0.021509875,0.00063483603,0.9890235837910514,-0.14355511298885143,-0.034989716201529596,0.14101314372007712,0.8463032842772233,0.5136983982063469,-0.04413211985942165,-0.5129938406612148,0.857257064969645,left_images/camera_left_7.png,right_images/camera_right_7.png
2025-06-27 14:39:51,0.41175317764282227,8,-0.034994762,-0.012146435,0.11361816,0.025004953,0.07995202,0.091769144,1.0471802,0.05901753,-7.4510346e-05,0.0019321442,0.8925311980203621,-0.014790843385955783,0.4507430437757962,-0.01868866653103964,0.9973904927224592,0.06973477446827957,-0.45059826265047764,-0.07066424823616498,0.8899257102239427,0.05699387,-0.011985513,0.112333186,-0.0449412,0.07653359,-0.09949632,1.047179,-0.0575965,-6.471033e-05,0.0043495,0.8854334518927153,-0.0020505145391934466,-0.46476165683011694,0.03830077230974707,0.9969108465784106,0.06856978062378419,0.4631853334355782,-0.07851470794979457,0.8827767484056945,-0.0059474544,-0.015202144,0.09523316,-0.20379673,0.8122876,-0.109405465,0.0019433165,0.001150667,-0.021510407,0.0006350614,0.989037537639393,-0.14346424432296986,-0.03496798165530325,0.14091522332033327,0.84621301517007,0.5138739464045239,-0.04413217620724148,-0.513168143552986,0.8571527328694665,left_images/camera_left_8.png,right_images/camera_right_8.png
2025-06-27 14:39:51,0.46444082260131836,9,-0.035017665,-0.012120703,0.11361962,0.024682367,0.0796137,0.09197497,1.0471802,0.05901647,-7.108331e-05,0.001930749,0.892621328804566,-0.01489921318473636,0.45056095792872125,-0.018381607747271198,0.9974196026334149,0.06939922751174213,-0.4504323255049493,-0.07022926547442215,0.890044139585856,0.05699387,-0.011985513,0.112333186,-0.0449412,0.07653359,-0.09949632,1.047179,-0.0575965,-6.471033e-05,0.0043495,0.8854334518927153,-0.0020505145391934466,-0.46476165683011694,0.03830077230974707,0.9969108465784106,0.06856978062378419,0.4631853334355782,-0.07851470794979457,0.8827767484056945,-0.005932868,-0.015191283,0.09523157,-0.20362803,0.81211317,-0.10932748,0.0019342215,0.00115011,-0.021509368,0.000634592,0.9890540920576087,-0.1433648270191364,-0.03490743986419683,0.14080644947161874,0.846317214961774,0.5137321436765885,-0.04410835262505155,-0.5130240715922787,0.8572401969084188,left_images/camera_left_9.png,right_images/camera_right_9.png
2025-06-27 14:39:51,0.5191237926483154,10,-0.035069108,-0.0120794475,0.1136117,0.024453057,0.079265855,0.09216877,1.0471802,0.05901762,-6.953004e-05,0.0019391822,0.8926911756827788,-0.014933470170367587,0.45042142081251996,-0.01816812725961181,0.9974458673213252,0.06907720981255738,-0.4503025471946355,-0.06984792933423484,0.8901398107925198,0.05699387,-0.011985513,0.112333186,-0.0449412,0.07653359,-0.09949632,1.047179,-0.0575965,-6.471033e-05,0.0043495,0.8854334518927153,-0.0020505145391934466,-0.46476165683011694,0.03830077230974707,0.9969108465784106,0.06856978062378419,0.4631853334355782,-0.07851470794979457,0.8827767484056945,-0.0059556793,-0.015182263,0.09523026,-0.20391302,0.8119662,-0.10935965,0.0019432387,0.0011511375,-0.021507911,0.00063453056,0.9890159378784379,-0.14359393831951595,-0.03504647628970745,0.14108000324576297,0.8463460896721161,0.5136095104073659,-0.04408976419317163,-0.5129123486275307,0.8573080049310056,left_images/camera_left_10.png,right_images/camera_right_10.png
2025-06-27 14:39:51,0.5770187377929688,11,-0.035043553,-0.012124236,0.11361207,0.024706185,0.079711094,0.09192221,1.0471802,0.05901749,-7.262657e-05,0.0019391142,0.8925851777409703,-0.014930511027274917,0.4506315349790607,-0.01840050296454527,0.997412700445395,0.06949335565992083,-0.4505031875223213,-0.0703205861088267,0.8900010635957347,0.05699387,-0.011985513,0.112333186,-0.0449412,0.07653359,-0.09949632,1.047179,-0.0575965,-6.471033e-05,0.0043495,0.8854334518927153,-0.0020505145391934466,-0.46476165683011694,0.03830077230974707,0.9969108465784106,0.06856978062378419,0.4631853334355782,-0.07851470794979457,0.8827767484056945,-0.005981716,-0.015205988,0.095232844,-0.20421991,0.8122012,-0.10946605,0.0019514599,0.0011524033,-0.021508243,0.0006346218,0.9889832883867614,-0.14378603651890304,-0.03517998001552359,0.14130347717910652,0.8461994781034945,0.5137896170559184,-0.044106491912208064,-0.5131003985182221,0.8571946094158782,left_images/camera_left_11.png,right_images/camera_right_11.png
2025-06-27 14:39:51,0.6321210861206055,12,-0.035001945,-0.012200611,0.11362159,0.024866601,0.08015385,0.09170711,1.0471802,0.05901482,-7.173524e-05,0.0019301139,0.8925023429498653,-0.014986571817297524,0.4507937116843646,-0.018541688624726608,0.9973839415043604,0.06986758198313647,-0.450661484500223,-0.07071545725222736,0.8898896282650246,0.05699387,-0.011985513,0.112333186,-0.0449412,0.07653359,-0.09949632,1.047179,-0.0575965,-6.471033e-05,0.0043495,0.8854334518927153,-0.0020505145391934466,-0.46476165683011694,0.03830077230974707,0.9969108465784106,0.06856978062378419,0.4631853334355782,-0.07851470794979457,0.8827767484056945,-0.0059975386,-0.015219731,0.09523464,-0.20443018,0.8123732,-0.10955337,0.0019466053,0.0011533963,-0.021508813,0.0006346842,0.9889617877846251,-0.14391412757399838,-0.03526054716610638,0.14144727471593896,0.8460921076098455,0.5139268565815209,-0.044127664534529654,-0.5132415311770322,0.8571090245107583,left_images/camera_left_12.png,right_images/camera_right_12.png
2025-06-27 14:39:51,0.6902480125427246,13,-0.035074685,-0.012052112,0.11361902,0.024171406,0.079068586,0.09230024,1.04718,0.05901435,-6.871775e-05,0.0019323248,0.8927542911371744,-0.01508192863271584,0.45029136243645534,-0.017894014722487743,0.9974640661049221,0.06888571017669257,-0.4501883826724907,-0.069555533627121,0.8902204490173059,0.05699387,-0.011985513,0.112333186,-0.0449412,0.07653359,-0.09949632,1.047179,-0.0575965,-6.471033e-05,0.0043495,0.8854334518927153,-0.0020505145391934466,-0.46476165683011694,0.03830077230974707,0.9969108465784106,0.06856978062378419,0.4631853334355782,-0.07851470794979457,0.8827767484056945,-0.0060066916,-0.015227067,0.09523594,-0.20458142,0.8125001,-0.10962308,0.001943761,0.0011542541,-0.021509547,0.0006350018,0.9889467774043549,-0.14400431075472883,-0.03531331116727495,0.14154608948520622,0.8460122234734845,0.5140311491387431,-0.04414720843934861,-0.5133479095287193,0.8570443091051397,left_images/camera_left_13.png,right_images/camera_right_13.png
2025-06-27 14:39:51,0.7588756084442139,14,-0.035130512,-0.011923407,0.1136134,0.023659678,0.07825762,0.09273593,1.04718,0.059016004,-6.859936e-05,0.0019371565,0.8929380714057972,-0.015155704928229806,0.4499243327963315,-0.01741776677579768,0.99752169710479,0.06816953282606293,-0.4498424413443439,-0.06870784826574168,0.8904611218644262,0.05699387,-0.011985513,0.112333186,-0.0449412,0.07653359,-0.09949632,1.047179,-0.0575965,-6.471033e-05,0.0043495,0.8854334518927153,-0.0020505145391934466,-0.46476165683011694,0.03830077230974707,0.9969108465784106,0.06856978062378419,0.4631853334355782,-0.07851470794979457,0.8827767484056945,-0.005979968,-0.015233184,0.095236555,-0.2042873,0.8126124,-0.10958317,0.0019343111,0.001153437,-0.021511197,0.0006353827,0.9889856641895453,-0.1437713517404491,-0.03517320636916916,0.14127010776427698,0.8460005402277767,0.5141262905031989,-0.044160080161087543,-0.5134324535448009,0.8569930005356707,left_images/camera_left_14.png,right_images/camera_right_14.png
2025-06-27 14:39:51,0.8365533351898193,15,-0.03506567,-0.012032057,0.11361952,0.024100663,0.079053506,0.09230687,1.0471802,0.059015222,-7.075124e-05,0.0019312389,0.892763011279087,-0.015143298096739864,0.4502720135814014,-0.017823103389734564,0.997465425222509,0.06888441384840029,-0.45017390270589347,-0.06952270138905799,0.8902303361007825,0.05699387,-0.011985513,0.112333186,-0.0449412,0.07653359,-0.09949632,1.047179,-0.0575965,-6.471033e-05,0.0043495,0.8854334518927153,-0.0020505145391934466,-0.46476165683011694,0.03830077230974707,0.9969108465784106,0.06856978062378419,0.4631853334355782,-0.07851470794979457,0.8827767484056945,-0.0059836144,-0.015209098,0.09523381,-0.20438369,0.81233346,-0.10956447,0.0019349912,0.0011538672,-0.021509536,0.0006349934,0.9889684085344856,-0.14387866095298424,-0.035219566197537445,0.14139701479019673,0.8461132167288565,0.5139059336932859,-0.04414035714838977,-0.5132166749036153,0.8571232545390944,left_images/camera_left_15.png,right_images/camera_right_15.png
2025-06-27 14:39:51,0.9016096591949463,16,-0.035088167,-0.012021825,0.11361933,0.024013119,0.07891227,0.092393704,1.04718,0.059013955,-6.9194066e-05,0.0019321013,0.892794073464962,-0.015149236331591643,0.45021022092397006,-0.017741963351770685,0.997476302682463,0.06874771504092347,-0.4501155019795083,-0.06936516579302016,0.890272154260843,0.05699387,-0.011985513,0.112333186,-0.0449412,0.07653359,-0.09949632,1.047179,-0.0575965,-6.471033e-05,0.0043495,0.8854334518927153,-0.0020505145391934466,-0.46476165683011694,0.03830077230974707,0.9969108465784106,0.06856978062378419,0.4631853334355782,-0.07851470794979457,0.8827767484056945,-0.0059658927,-0.01522808,0.0952356,-0.2041681,0.8124897,-0.10953205,0.0019413161,0.001153336,-0.02151008,0.0006350018,0.98899788558189,-0.14369796972339408,-0.03512941519475121,0.14119010789308076,0.8460754105960737,0.5140250509633021,-0.0441422218254916,-0.5133296144603968,0.857055523971609,left_images/camera_left_16.png,right_images/camera_right_16.png
2025-06-27 14:39:52,0.972343921661377,17,-0.03506049,-0.0121076675,0.113617525,0.024368113,0.07945967,0.092092514,1.0471802,0.05901479,-6.962498e-05,0.0019342182,0.8926620407699227,-0.015092536619625733,0.45047385751768365,-0.018073794256588133,0.9974367821525915,0.0692329659212622,-0.45036409595975524,-0.06994341246657464,0.8901011740936439,0.05699387,-0.011985513,0.112333186,-0.0449412,0.07653359,-0.09949632,1.047179,-0.0575965,-6.471033e-05,0.0043495,0.8854334518927153,-0.0020505145391934466,-0.46476165683011694,0.03830077230974707,0.9969108465784106,0.06856978062378419,0.4631853334355782,-0.07851470794979457,0.8827767484056945,-0.0059440522,-0.015213865,0.09523292,-0.20390481,0.8122603,-0.109426335,0.0019336765,0.0011521822,-0.02150875,0.0006352477,0.9890247987005885,-0.1435383441049864,-0.03502415347812225,0.14100915805308184,0.8462181601048792,0.5138397054080914,-0.04411762573418394,-0.5131389375990791,0.8571709665050882,left_images/camera_left_17.png,right_images/camera_right_17.png
2025-06-27 14:39:52,1.0424776077270508,18,-0.034999598,-0.012186081,0.113623105,0.024631197,0.079945005,0.091823086,1.0471802,0.059015423,-6.93443e-05,0.0019277949,0.8925608940600307,-0.015082368277389794,0.45067457501161934,-0.018316929496225997,0.9974028957892739,0.06965596575312805,-0.4505547031033954,-0.0704271654854563,0.889966557727365,0.056993436,-0.011988973,0.112333186,-0.04490943,0.07655836,-0.099486485,1.047179,-0.0575966,-6.475777e-05,0.0043494273,0.8854301793930537,-0.002012551310149213,-0.4647680572685785,0.038267988859658625,0.9969108838413467,0.0685875404669234,0.46319429880841767,-0.07851521709763547,0.8827719990096476,-0.0059399134,-0.015227226,0.09523498,-0.20380765,0.81243485,-0.10941897,0.0019449928,0.001151883,-0.021509988,0.0006349012,0.989039641451251,-0.1434446892835615,-0.03498869466446723,0.140903769208,0.8461519898529212,0.5139775655521557,-0.04412159857665511,-0.5132742261055823,0.85708975805032,left_images/camera_left_18.png,right_images/camera_right_18.png
2025-06-27 14:39:52,1.099799633026123,19,-0.03505672,-0.012118527,0.11361762,0.024478577,0.07947108,0.09208032,1.04718,0.059014846,-6.858836e-05,0.0019340739,0.892655692139895,-0.014999200688844066,0.4504895551163652,-0.01818452867189894,0.9974340746963432,0.06924297474567681,-0.450372221842362,-0.07000207577883194,0.8900924509169982,0.056993406,-0.011991748,0.112333186,-0.04488586,0.0765766,-0.099479415,1.047179,-0.057596527,-6.485538e-05,0.004349432,0.8854277670408411,-0.0019846244758358993,-0.4647727731039762,0.03824361396613592,0.996910954277169,0.06860011102756117,0.4632009232977406,-0.07851503364244619,0.8827685393965093,-0.0059603327,-0.015206736,0.09523256,-0.20403682,0.8122014,-0.10943152,0.0019409043,0.0011522748,-0.02150843,0.0006349003,0.9890064583144771,-0.1436472337875732,-0.03509555010870038,0.14114135762958155,0.8462251853072871,0.5137918381194136,-0.044106037894290205,-0.5130968797184655,0.8571967390537842,left_images/camera_left_19.png,right_images/camera_right_19.png
2025-06-27 14:39:52,1.1545453071594238,20,-0.03507577,-0.012069899,0.113613635,0.024367062,0.079169214,0.09223474,1.04718,0.059016384,-6.884895e-05,0.0019374322,0.8927199815213068,-0.014960275531753275,0.45036343629185904,-0.018086141888984296,0.9974537815915323,0.06898438272771029,-0.45024873799286647,-0.0697290738843254,0.8901763478047848,0.056992784,-0.011997153,0.112333186,-0.044836648,0.07661456,-0.09946412,1.047179,-0.057596587,-6.485061e-05,0.004349443,0.885422743912155,-0.0019251525662736663,-0.464782592564165,0.038191839832051,0.9969110761811063,0.06862717798125793,0.46321479675557964,-0.07851496656704925,0.8827612656271581,-0.005943277,-0.015199776,0.09523097,-0.20381358,0.81204766,-0.109348595,0.0019350791,0.0011511433,-0.02150739,0.0006348351,0.9890300726436748,-0.14350668685652418,-0.03500494584927424,0.1409812053342902,0.8463286804775608,0.5136653232831677,-0.04408871906664808,-0.5129654914597804,0.8572762620197109,left_images/camera_left_20.png,right_images/camera_right_20.png
2025-06-27 14:39:52,1.2100396156311035,21,-0.034959275,-0.012315164,0.11361983,0.0255308,0.08093336,0.09126692,1.0471802,0.059015736,-7.3267205e-05,0.0019323602,0.8923065642774853,-0.014775920190032377,0.45118806226433733,-0.01917292209070081,0.9973219047271166,0.07057915705064773,-0.45102260963926594,-0.07162883870351293,0.8896335847191091,0.056992408,-0.012001375,0.112333186,-0.044800315,0.07664269,-0.09945292,1.047179,-0.057596575,-6.488821e-05,0.0043496117,0.8854189235760339,-0.0018820631893898543,-0.4647900468078126,0.038154450078201604,0.9969111461093145,0.06864695697729749,0.4632251803525878,-0.07851512339138271,0.8827558029750631,-0.005962537,-0.015192567,0.09522989,-0.20404644,0.81191564,-0.109376945,0.001943155,0.0011519302,-0.021505859,0.00063467864,0.9889986409062201,-0.14369644196492148,-0.03511439665253725,0.14120527194389482,0.8463579860925532,0.5135554795273909,-0.04407674512597863,-0.5128640092109991,0.8573375931306874,left_images/camera_left_21.png,right_images/camera_right_21.png
2025-06-27 14:39:52,1.2647387981414795,22,-0.03497889,-0.012234119,0.113624424,0.025144244,0.08030865,0.0916101,1.04718,0.059014425,-7.0769805e-05,0.001927047,0.8924626877073907,-0.014814937120579482,0.4508778866702313,-0.01881369468978185,0.9973687807007231,0.0700111432250096,-0.4507287387578258,-0.07096501195424694,0.8898356989557754,0.05699196,-0.012004803,0.112333186,-0.04477331,0.07666393,-0.099444464,1.047179,-0.057596352,-6.49697e-05,0.0043495307,0.8854162588570047,-0.001849758812105362,-0.46479525271242067,0.03812633311249846,0.9969112068512199,0.06866169512791985,0.46323258874463996,-0.07851511986096467,0.8827519157034767,-0.0059772786,-0.015192749,0.095229074,-0.20422186,0.8118165,-0.109401695,0.0019431354,0.0011524004,-0.021504302,0.0006345762,0.9889750643619277,-0.14383934496931414,-0.03519325090297314,0.1413724143396978,0.8463829862996503,0.5134682862322181,-0.044069973157307284,-0.5127826862729327,0.8573865838258897,left_images/camera_left_22.png,right_images/camera_right_22.png
2025-06-27 14:39:52,1.3239052295684814,23,-0.035043653,-0.012163113,0.11361842,0.024849249,0.07976579,0.09191697,1.04718,0.05901396,-6.912963e-05,0.0019339407,0.8925794063405863,-0.014818346669004282,0.4506466686648017,-0.01854153445597861,0.9974081121136692,0.06952171883565375,-0.45050883995400587,-0.07040933526062537,0.88999118570436,0.056991357,-0.012007447,0.112333186,-0.044753205,0.07667971,-0.09943786,1.047179,-0.057596616,-6.480061e-05,0.0043496983,0.8854142300327229,-0.0018260065330243103,-0.46479921144049025,0.03810556686127321,0.9969112683279272,0.06867232961669728,0.46323817527244154,-0.07851489528073405,0.8827490040715502,-0.005995791,-0.015219449,0.09523206,-0.20444043,0.81208664,-0.109500505,0.0019512764,0.0011534232,-0.021504967,0.00063459575,0.9889542723872522,-0.14396083008343802,-0.035280682089320343,0.14151035575143234,0.8462327059345686,0.5136779405636968,-0.044093835647437914,-0.5129965758251659,0.8572573982471958,left_images/camera_left_23.png,right_images/camera_right_23.png
2025-06-27 14:39:52,1.3762447834014893,24,-0.03501946,-0.012172109,0.11361702,0.025073811,0.0800212,0.09175247,1.0471802,0.05901555,-7.275335e-05,0.0019348683,0.8925109110241487,-0.014757572657449012,0.45078430291227367,-0.01875426832327819,0.9973858414835076,0.06978367020939948,-0.4506357188711331,-0.07073681684593856,0.8899009785476143,0.056991104,-0.012009229,0.112333186,-0.044738375,0.07669129,-0.0994332,1.047179,-0.057596598,-6.479537e-05,0.004349634,0.8854125515908731,-0.001808281571614008,-0.4648024780518039,0.038090316438779366,0.9969112762235827,0.06868067509759744,0.46324263758740253,-0.07851520525366949,0.882746634808109,-0.0059661553,-0.015211742,0.09523036,-0.20408995,0.8119591,-0.10940725,0.0019319068,0.001152026,-0.021504782,0.0006347839,0.9889947643004606,-0.14372177299685657,-0.03511991106076616,0.14122861482082605,0.8463404303661968,0.5135779924055854,-0.04408893899910547,-0.5128858819408084,0.8573238813679065,left_images/camera_left_24.png,right_images/camera_right_24.png
2025-06-27 14:39:52,1.4308924674987793,25,-0.034938656,-0.012311378,0.11362337,0.025606515,0.080964625,0.09123798,1.0471802,0.05901545,-7.4321346e-05,0.0019281944,0.8923011178725031,-0.014729021307125143,0.45120036677158826,-0.01924715879459592,0.9973175830364299,0.0706200073966963,-0.4510302228474463,-0.07169863665166923,0.8896241024053221,0.056990832,-0.012010626,0.112333186,-0.04472728,0.07669996,-0.09942965,1.047179,-0.057596557,-6.4710155e-05,0.0043495623,0.885411444178016,-0.0017949910704563136,-0.4648046390965317,0.03807863963145108,0.996911319131567,0.06868652699894617,0.46324571419757155,-0.07851496541689273,0.8827450416078053,-0.005954552,-0.015226701,0.095232956,-0.20392467,0.8122099,-0.10940746,0.0019429808,0.0011515465,-0.021506801,0.0006347522,0.9890201198378866,-0.14356604114875898,-0.03504275081561031,0.14104528659612459,0.8462464157703472,0.5137832528653083,-0.04410702534596046,-0.5130845891514508,0.8572040449568687,left_images/camera_left_25.png,right_images/camera_right_25.png
2025-06-27 14:39:52,1.4856202602386475,26,-0.03501832,-0.012143999,0.1136233,0.02471344,0.07971046,0.09193936,1.04718,0.05901414,-7.013191e-05,0.001927929,0.8926040141376419,-0.014911789778492933,0.4505948429254051,-0.01840859778583068,0.9974138703878973,0.06947441748870067,-0.4504655341676297,-0.07030796315807195,0.8900211193244997,0.05699066,-0.012011504,0.112333186,-0.044719104,0.0767062,-0.099427,1.047179,-0.057596568,-6.4709806e-05,0.004349541,0.8854104832751032,-0.0017851218613289359,-0.4648065075345747,0.03807017723170385,0.9969113190097947,0.0686912194949123,0.46324824631302713,-0.07851519197003703,0.8827436926525237,-0.0059700403,-0.015207415,0.09523113,-0.20411235,0.812033,-0.10942417,0.001941197,0.001151976,-0.021506062,0.0006346265,0.9889933752850492,-0.14372951997408517,-0.03512732170697416,0.14123558176114936,0.8462984822008794,0.5136451980395396,-0.04409777870682269,-0.5129529258250771,0.8572833147802523,left_images/camera_left_26.png,right_images/camera_right_26.png
2025-06-27 14:39:52,1.5551707744598389,27,-0.035125755,-0.01190221,0.11361458,0.023647655,0.078074105,0.092824,1.0471799,0.05901656,-6.7455345e-05,0.0019352864,0.8929806036032313,-0.015079360459496562,0.4498424774035254,-0.017414760173397114,0.9975327282347047,0.06800869230274706,-0.44975812134580934,-0.0685643419625627,0.8905147743270343,0.056990545,-0.012012212,0.112333186,-0.04471303,0.076710925,-0.099425144,1.047179,-0.057596643,-6.4767664e-05,0.004349701,0.8854099311434477,-0.0017777156780301381,-0.46480758767421587,0.03806371451935189,0.9969113336473453,0.0686945884510646,0.4632498326708225,-0.07851517415404455,0.8827428617428834,-0.005981191,-0.015198944,0.095229916,-0.20426495,0.8119028,-0.10943958,0.0019422165,0.0011525239,-0.021504996,0.0006346507,0.9889721540237563,-0.14385847392798445,-0.035196847084974864,0.14138697222086816,0.8463374402907584,0.513539347322386,-0.04408857733956875,-0.5128524901384396,0.8573438754122961,left_images/camera_left_27.png,right_images/camera_right_27.png
2025-06-27 14:39:52,1.609140396118164,28,-0.035064545,-0.011996936,0.11361822,0.02410136,0.07888993,0.092375346,1.0471802,0.059016604,-7.190253e-05,0.001931781,0.8927949486367974,-0.01507494811699181,0.4502109790174918,-0.017830412601949154,0.9974739914319761,0.0687583653325637,-0.45011027101707274,-0.06941456875924572,0.8902709484021735,0.0569909,-0.012009578,0.112333186,-0.044740323,0.076690204,-0.09943367,1.047179,-0.05759661,-6.4787164e-05,0.0043496313,0.8854129101177718,-0.0018105493675748784,-0.4648017862570735,0.03809227243918582,0.9969112708152442,0.06867966876706448,0.46324179148388317,-0.07851522166129586,0.8827470773615057,-0.005997799,-0.015219229,0.09523252,-0.20446475,0.8121511,-0.109530464,0.0019496443,0.001153416,-0.021505866,0.0006347699,0.9889531331262826,-0.14396969386574807,-0.035276447212153214,0.14151281853587913,0.8461974488360545,0.513735340202895,-0.044111480022102925,-0.5130522437642737,0.857223175432573,left_images/camera_left_28.png,right_images/camera_right_28.png
2025-06-27 14:39:52,1.6645898818969727,29,-0.03505649,-0.0119978655,0.113624,0.024013743,0.07885746,0.09240502,1.0471802,0.05901461,-7.096032e-05,0.001926085,0.8928136105690441,-0.015130524772045437,0.45017210486967046,-0.01774430154471612,0.9974783395756852,0.06871755117889511,-0.4500766562990767,-0.06933995455331943,0.8902937572268976,0.05699126,-0.012007447,0.112333186,-0.04476044,0.076674916,-0.099439956,1.047179,-0.05759661,-6.470358e-05,0.0043496024,0.8854149236736868,-0.0018350824469501766,-0.4647978543499658,0.038113596709890854,0.9969112308585276,0.06866841729624275,0.46323618887318696,-0.07851515943146285,0.8827500229723569,-0.005976075,-0.015234495,0.09523439,-0.20420454,0.81235194,-0.109508924,0.001940975,0.0011526988,-0.021507604,0.0006349813,0.9889894945434243,-0.1437502244320317,-0.035151851423252396,0.14125280239443447,0.8461415576066165,0.5138989300502264,-0.04412964421407387,-0.5132059405996672,0.8571302334154068,left_images/camera_left_29.png,right_images/camera_right_29.png
2025-06-27 14:39:52,1.7174906730651855,30,-0.03508435,-0.011997086,0.11361946,0.023950325,0.07875059,0.09246937,1.0471802,0.05901476,-6.927614e-05,0.0019313339,0.8928315140652519,-0.01512948456619864,0.45013663057866266,-0.01768666235791194,0.9974869503228132,0.06860733131620163,-0.4500434084247735,-0.06921620209499361,0.8903201940318762,0.056991484,-0.012005803,0.112333186,-0.04477541,0.07666352,-0.09944462,1.047179,-0.057596516,-6.482378e-05,0.0043495568,0.8854163130501623,-0.0018524424379937413,-0.4647951387887687,0.038128740363148214,0.996911193913815,0.06866054622307892,0.4632322870256093,-0.07851522085777919,0.8827520650503614,-0.0059913993,-0.01523333,0.0952355,-0.20440148,0.8124823,-0.109584264,0.0019444878,0.0011534267,-0.021509152,0.0006351415,0.9889686051962379,-0.14387507289819912,-0.035228700440771754,0.141393136653846,0.8460491356867091,0.5140124910067452,-0.04414837305489944,-0.5133233127399439,0.8570589814909445,left_images/camera_left_30.png,right_images/camera_right_30.png
2025-06-27 14:39:52,1.7869782447814941,31,-0.035052866,-0.012071807,0.1136189,0.024329036,0.07933973,0.09214273,1.0471802,0.059015267,-7.1604154e-05,0.0019321879,0.8926892484950919,-0.015080829119722984,0.4504203305961327,-0.018038722425346446,0.9974433753546319,0.06914707119191571,-0.4503115700429305,-0.06985185433630428,0.8901349382712996,0.056991555,-0.012004848,0.112333186,-0.044786513,0.07665532,-0.09944805,1.047179,-0.057596568,-6.4848515e-05,0.004349538,0.8854175034265128,-0.0018656065907464818,-0.46479281850950555,0.03814007862829914,0.9969111868896566,0.06865435060128125,0.4632290783491347,-0.07851499835257625,0.8827537686158619,-0.0059932526,-0.015211631,0.09523297,-0.20446801,0.8122356,-0.10956765,0.0019347451,0.0011537867,-0.021508018,0.0006349366,0.9889557544212646,-0.14395638698167013,-0.0352572608727806,0.14148733361016314,0.8461513074166761,0.5138183525186077,-0.04413445621001876,-0.5131320722818187,0.8571742099309875,left_images/camera_left_31.png,right_images/camera_right_31.png
2025-06-27 14:39:52,1.8385324478149414,32,-0.035027433,-0.0120604485,0.11362522,0.024185814,0.07922122,0.09220781,1.0471802,0.059015103,-7.0522656e-05,0.001924796,0.8927334368181726,-0.015142825036606107,0.45033066255444393,-0.017901701871651944,0.997454045989218,0.06902865499078814,-0.45022943024297307,-0.06968587367357534,0.8901894962048463,0.056991667,-0.0120042125,0.112333186,-0.044794794,0.07664934,-0.0994506,1.047179,-0.05759657,-6.475166e-05,0.004349556,0.8854184445815657,-0.0018757312173048706,-0.4647909848815498,0.038149066215573804,0.99691113542943,0.06865010417824757,0.4632265393321505,-0.07851541052051442,0.8827550643123802,-0.0059628407,-0.015204431,0.09523143,-0.20412478,0.81207246,-0.109458044,0.0019309741,0.001152638,-0.021506922,0.00063478295,0.9889942790102061,-0.14372664097708016,-0.035113654872826194,0.14122406013106603,0.8462761005846694,0.5136852406087833,-0.0441144072291524,-0.5129906570812495,0.8572598817290871,left_images/camera_left_32.png,right_images/camera_right_32.png
2025-06-27 14:39:52,1.8914542198181152,33,-0.03506878,-0.012036541,0.11362118,0.02407761,0.07901288,0.09233073,1.0471802,0.05901429,-6.957509e-05,0.0019299379,0.8927730214320256,-0.015139288727637793,0.45025230053821297,-0.01780234284546577,0.9974690071142309,0.0688378997047619,-0.45015487200778415,-0.06947216552959598,0.8902439044578087,0.056991752,-0.012003605,0.112333186,-0.04480086,0.07664475,-0.099452525,1.047179,-0.057596575,-6.4722844e-05,0.004349578,0.8854188134747965,-0.0018828525325924432,-0.4647902533522234,0.0381553135171329,0.9969111190968519,0.06864686934938494,0.46322531968286534,-0.07851544744445352,0.8827557010392537,-0.005951833,-0.01522473,0.09523377,-0.20396437,0.8122958,-0.10944583,0.0019422238,0.0011521056,-0.021508044,0.00063477457,0.9890180698357423,-0.14357884073778632,-0.035048167295540465,0.14105502232994976,0.8461977168892437,0.5138607832934216,-0.044121856419241705,-0.5131613200776387,0.8571573492435884,left_images/camera_left_33.png,right_images/camera_right_33.png
2025-06-27 14:39:53,1.9419457912445068,34,-0.035137314,-0.011908543,0.11361431,0.023590794,0.07819701,0.09277289,1.04718,0.059015192,-6.9134985e-05,0.0019365819,0.8929532540074666,-0.015190148737955366,0.4498930378865574,-0.017350866475924882,0.997526342044015,0.06811860510037691,-0.4498148881373439,-0.06863276411164905,0.8904808308438668,0.056991942,-0.012003091,0.112333186,-0.044805363,0.07664126,-0.09945409,1.047179,-0.057596512,-6.4716325e-05,0.0043495735,0.8854194051862831,-0.001888261378661122,-0.4647891042059123,0.03815993331274767,0.996911120082483,0.06864428705621511,0.46322380811993585,-0.07851530503573981,0.88275650689531,-0.005976992,-0.015229351,0.09523521,-0.20423539,0.8124416,-0.10953147,0.0019470685,0.0011529974,-0.021509096,0.00063498877,0.9889878560220735,-0.14375846579443455,-0.03516424538210133,0.1412620176078989,0.8460906500424743,0.5139802080742495,-0.044136866927863144,-0.513287556271466,0.8570809889121672,left_images/camera_left_34.png,right_images/camera_right_34.png
2025-06-27 14:39:53,1.9981815814971924,35,-0.03504957,-0.012083255,0.113616385,0.024486598,0.0795701,0.09200687,1.0471802,0.05901568,-7.458066e-05,0.0019350601,0.8926258204984621,-0.015063582448133843,0.4505465936651568,-0.018184937841786132,0.9974248211533139,0.06937603464432375,-0.45043140722549313,-0.07012000164794856,0.8900532190570145,0.056992006,-0.01200276,0.112333186,-0.044808697,0.07663872,-0.09945511,1.047179,-0.057596523,-6.4730295e-05,0.004349564,0.8854198479400148,-0.00189235205302608,-0.4647882441258472,0.038163479520028104,0.9969111120653819,0.06864243200446624,0.46322266967928616,-0.0785153083434739,0.882757103993462,-0.0060225124,-0.015203607,0.095232494,-0.20481078,0.81215966,-0.10980947,0.0019428972,0.0011531373,-0.021507286,0.00063497573,0.9889182629666327,-0.1442187946295742,-0.03523646472974772,0.1417030869113149,0.8461374053211573,0.5137817887743628,-0.04428209944054589,-0.5130813099226792,0.8571969814909322,left_images/camera_left_35.png,right_images/camera_right_35.png
2025-06-27 14:39:53,2.0510306358337402,36,-0.035017382,-0.01206983,0.113624334,0.024307204,0.07939149,0.09210294,1.04718,0.05901565,-7.260195e-05,0.0019256873,0.8926878320533259,-0.015124953008888213,0.45042165833850806,-0.01801506654101164,0.9974403032487565,0.06919753487337152,-0.45031532494626,-0.06988617353602547,0.8901303448748598,0.05699209,-0.012002488,0.112333186,-0.044811144,0.07663682,-0.099455975,1.047179,-0.05759671,-6.4628024e-05,0.0043496843,0.8854201578536434,-0.0018950243753397232,-0.4647876428532133,0.038165781973732646,0.9969111087057041,0.06864120064143242,0.4632218876011396,-0.07851528654842155,0.8827575163233993,-0.0060139555,-0.015193838,0.09523075,-0.20477615,0.81199956,-0.10974151,0.0019335652,0.0011536966,-0.021506209,0.00063471217,0.9889182591153263,-0.1442126746864964,-0.03526161153548371,0.1417176558788929,0.8462164366915964,0.5136475915305836,-0.044235537755342114,-0.5129526749445257,0.8572763676124238,left_images/camera_left_36.png,right_images/camera_right_36.png
2025-06-27 14:39:53,2.1010475158691406,37,-0.035065863,-0.012040844,0.113619916,0.024168177,0.07912857,0.09225903,1.04718,0.059014503,-7.109443e-05,0.0019311374,0.8927396062242321,-0.015121370986036557,0.4503191530660288,-0.017887523329779702,0.9974593800656328,0.06895521465567274,-0.4502177606311522,-0.06961414553512792,0.8902010103081688,0.056992315,-0.012001978,0.112333186,-0.04481299,0.07663507,-0.09945686,1.047179,-0.057596635,-6.464607e-05,0.0043496536,0.885420371735732,-0.001897106986313398,-0.4647872269118857,0.038167699230613764,0.9969110859440768,0.06864046515899216,0.4632213208076671,-0.07851552526019229,0.8827577925129387,-0.00597502,-0.015195766,0.095229745,-0.20435365,0.81189936,-0.10959131,0.0019319891,0.0011529898,-0.021505296,0.00063486956,0.9889669319586721,-0.14391435904993277,-0.03511502173569454,0.14139198754362814,0.8463257371535443,0.5135572533710068,-0.04418951629870796,-0.5128561239672945,0.8573365049725395,left_images/camera_left_37.png,right_images/camera_right_37.png
2025-06-27 14:39:53,2.153452157974243,38,-0.03512425,-0.011925433,0.113614775,0.023652295,0.07831676,0.09270479,1.0471799,0.05901568,-6.933563e-05,0.0019358136,0.8929270284006344,-0.0151917610645011,0.44994503258439433,-0.01740719444362603,0.997518103030944,0.06822480272707919,-0.4498647702734838,-0.06875205103345051,0.8904464295764678,0.056992337,-0.012001585,0.112333186,-0.04481436,0.07663373,-0.09945731,1.047179,-0.05759653,-6.4631924e-05,0.004349529,0.8854205072511702,-0.0018990740434927794,-0.4647869607216386,0.03816923370704041,0.9969111129556751,0.06863921957375879,0.4632209353400363,-0.0785151347400912,0.8827580295185354,-0.005990996,-0.015220232,0.09523273,-0.20453897,0.8121495,-0.10964169,0.0019528127,0.0011540706,-0.021505708,0.00063468516,0.9889483940539916,-0.14401479849006504,-0.03522515740059325,0.14152458394553347,0.846188853870381,0.5137462561659931,-0.04417992798855907,-0.5130537607321444,0.8572187425398076,left_images/camera_left_38.png,right_images/camera_right_38.png
