Epoch Time (Seconds),Time (Seconds),Frame Number,PSM1_joint_1,PSM1_joint_2,PSM1_joint_3,PSM1_joint_4,PSM1_joint_5,PSM1_joint_6,PSM1_jaw_angle,PSM1_ee_x,PSM1_ee_y,PSM1_ee_z,"PSM1_Orientation_Matrix_[1,1]","PSM1_Orientation_Matrix_[1,2]","PSM1_Orientation_Matrix_[1,3]","PSM1_Orientation_Matrix_[2,1]","PSM1_Orientation_Matrix_[2,2]","PSM1_Orientation_Matrix_[2,3]","PSM1_Orientation_Matrix_[3,1]","PSM1_Orientation_Matrix_[3,2]","PSM1_Orientation_Matrix_[3,3]",PSM2_joint_1,PSM2_joint_2,PSM2_joint_3,PSM2_joint_4,PSM2_joint_5,PSM2_joint_6,PSM2_jaw_angle,PSM2_ee_x,PSM2_ee_y,PSM2_ee_z,"PSM2_Orientation_Matrix_[1,1]","PSM2_Orientation_Matrix_[1,2]","PSM2_Orientation_Matrix_[1,3]","PSM2_Orientation_Matrix_[2,1]","PSM2_Orientation_Matrix_[2,2]","PSM2_Orientation_Matrix_[2,3]","PSM2_Orientation_Matrix_[3,1]","PSM2_Orientation_Matrix_[3,2]","PSM2_Orientation_Matrix_[3,3]",Camera Left,Camera Right
2025-05-07 16:13:57,0.0009353160858154297,1,-0.1566334,0.108101115,0.10118279,1.6206015,-0.20693958,-0.47197095,1.998041e-07,0.038493156,-0.007047707,0.018002143,-0.1795408938547069,0.89159088607262,0.4157291898653418,-0.9370057318935185,-0.02626997625113464,-0.3483247719391441,-0.29964199610959874,-0.4520791747249649,0.8401423057717365,-0.000904849,1.772448e-05,0.10708756,0.0007038639,0.0001168331,-0.0140077025,1.0424873,-0.04523681,-4.11789e-06,0.0047316756,0.8732876889258188,0.0006766694062226697,-0.4872044278217479,-0.0007054044579351677,0.9999997434543525,0.00012448204559441182,0.48720438706476443,0.00023496753740131135,0.873287942213279,left_images/camera_left_1.png,right_images/camera_right_1.png
2025-05-07 16:13:57,0.04486680030822754,2,-0.15636225,0.10779369,0.10115496,1.6232611,-0.20407982,-0.46884024,1.9920206e-07,0.03849099,-0.0070492104,0.018013258,-0.1813345246451421,0.8904853838976952,0.4173171111232976,-0.9380730868244009,-0.029250354362380937,-0.3452003773830714,-0.295189217193752,-0.4540706969561563,0.8406444719489269,-0.000904849,1.7720242e-05,0.10708756,0.0007038398,0.00011683928,-0.0140077025,1.0397588,-0.04523681,-4.11789e-06,0.0047316756,0.8732876889258188,0.0006766694062226697,-0.4872044278217479,-0.0007054044579351677,0.9999997434543525,0.00012448204559441182,0.48720438706476443,0.00023496753740131135,0.873287942213279,left_images/camera_left_2.png,right_images/camera_right_2.png
2025-05-07 16:13:57,0.10515427589416504,3,-0.15594298,0.10747608,0.10112358,1.6260304,-0.20067671,-0.46506396,2.2966098e-07,0.038493663,-0.0070544584,0.0180207,-0.1831055828279457,0.8891890829156561,0.41930313659791896,-0.939330249563068,-0.03240358804914062,-0.3414801454511318,-0.2900534912615652,-0.4563910410001015,0.8411754810393732,-0.000904849,1.7716004e-05,0.10708756,0.0007038151,0.000116845426,-0.0140077025,1.0420141,-0.04523681,-4.11789e-06,0.0047316756,0.8732876889258188,0.0006766694062226697,-0.4872044278217479,-0.0007054044579351677,0.9999997434543525,0.00012448204559441182,0.48720438706476443,0.00023496753740131135,0.873287942213279,left_images/camera_left_3.png,right_images/camera_right_3.png
2025-05-07 16:13:57,0.14743781089782715,4,-0.15559232,0.10722264,0.101099394,1.628392,-0.19799012,-0.46230116,1.8172021e-07,0.038497806,-0.0070572477,0.018025205,-0.18470571003856617,0.8881677466288689,0.42076341871335066,-0.9402323013956622,-0.035065213494233693,-0.3387235601708572,-0.286089182059311,-0.4581795332081095,0.8415607495943671,-0.000904849,1.7711765e-05,0.10708756,0.00070379087,0.0001168516,-0.0140077025,1.0400017,-0.04523681,-4.120477e-06,0.0047316775,0.8732876888595943,0.0006767946156912963,-0.4872044277665346,-0.0007054696559553065,0.9999997433909057,0.00012462217736443706,0.4872043870890663,0.00023487692678511942,0.8732879422240962,left_images/camera_left_4.png,right_images/camera_right_4.png
2025-05-07 16:13:58,0.18841838836669922,5,-0.15533555,0.10702615,0.10108208,1.6305165,-0.19615494,-0.4597619,1.5146865e-07,0.038503297,-0.0070639225,0.018025175,-0.18588548208763933,0.8874822861827064,0.4216891974677119,-0.9410659508614031,-0.037386056883875196,-0.3361505003417356,-0.28256231822090055,-0.45932284339295887,0.8421288867263954,-0.00090484595,1.7711753e-05,0.10708756,0.0007038007,0.00011685384,-0.0140077025,1.0421332,-0.04523681,-4.120477e-06,0.0047316775,0.8732876888595943,0.0006767946156912963,-0.4872044277665346,-0.0007054696559553065,0.9999997433909057,0.00012462217736443706,0.4872043870890663,0.00023487692678511942,0.8732879422240962,left_images/camera_left_5.png,right_images/camera_right_5.png
2025-05-07 16:13:58,0.23024320602416992,6,-0.15516587,0.1068766,0.101070225,1.6318684,-0.19511177,-0.4581155,1.16002084e-07,0.03850929,-0.0070660836,0.018024191,-0.18658536790586128,0.8871024014464804,0.4221791442401221,-0.9415929542316045,-0.038853146191974275,-0.33450432220284493,-0.28033659951000695,-0.4599345196643458,0.842538799460472,-0.00090484245,1.7711425e-05,0.10708756,0.0007038112,0.00011685606,-0.0140077025,1.0395639,-0.04523681,-4.120477e-06,0.0047316775,0.8732876888595943,0.0006767946156912963,-0.4872044277665346,-0.0007054696559553065,0.9999997433909057,0.00012462217736443706,0.4872043870890663,0.00023487692678511942,0.8732879422240962,left_images/camera_left_6.png,right_images/camera_right_6.png
2025-05-07 16:13:58,0.28824687004089355,7,-0.1549999,0.10676697,0.10106538,1.6335803,-0.19411896,-0.45722324,7.431317e-08,0.038514122,-0.0070676813,0.018019062,-0.18781279219450303,0.8867492286300585,0.42237679932981725,-0.9418874752661637,-0.040657661673324574,-0.33345905068537174,-0.2785217029691515,-0.4604592925235126,0.8428540211115503,-0.00090483896,1.7711098e-05,0.10708756,0.00070382096,0.0001168583,-0.0140077025,1.0424125,-0.04523681,-4.120477e-06,0.0047316775,0.8732876888595943,0.0006767946156912963,-0.4872044277665346,-0.0007054696559553065,0.9999997433909057,0.00012462217736443706,0.4872043870890663,0.00023487692678511942,0.8732879422240962,left_images/camera_left_7.png,right_images/camera_right_7.png
2025-05-07 16:13:58,0.34121108055114746,8,-0.15485571,0.10668301,0.101073,1.6359588,-0.19305263,-0.4564057,6.372918e-08,0.03851065,-0.0070746946,0.018005282,-0.18955786919526918,0.88636008782738,0.42241402549251217,-0.9421764495427912,-0.04311475764857142,-0.33233214650383347,-0.2763536722265324,-0.4609847203319698,0.8432803421563709,-0.00090483547,1.771077e-05,0.10708756,0.00070383144,0.00011686052,-0.0140077025,1.0397539,-0.04523681,-4.120477e-06,0.0047316775,0.8732876888595943,0.0006767946156912963,-0.4872044277665346,-0.0007054696559553065,0.9999997433909057,0.00012462217736443706,0.4872043870890663,0.00023487692678511942,0.8732879422240962,left_images/camera_left_8.png,right_images/camera_right_8.png
2025-05-07 16:13:58,0.3957386016845703,9,-0.15451129,0.10656217,0.10107618,1.6420776,-0.19008869,-0.45689318,4.6680782e-08,0.03851125,-0.0070778737,0.017993134,-0.1951820004817451,0.8852221892933588,0.42223886873500505,-0.9420509937839191,-0.04944531961060178,-0.3318057948248279,-0.27284411629843597,-0.46253306471135464,0.8435752795394418,-0.000904832,1.7710443e-05,0.10708756,0.0007038419,0.000116862735,-0.0140077025,1.0395778,-0.04523681,-4.120477e-06,0.0047316775,0.8732876888595943,0.0006767946156912963,-0.4872044277665346,-0.0007054696559553065,0.9999997433909057,0.00012462217736443706,0.4872043870890663,0.00023487692678511942,0.8732879422240962,left_images/camera_left_9.png,right_images/camera_right_9.png
2025-05-07 16:13:58,0.45038366317749023,10,-0.1540527,0.106490225,0.10107056,1.6485008,-0.18703313,-0.4575735,2.4994542e-08,0.038526937,-0.0070839683,0.017981604,-0.20108004789887934,0.8840619027130829,0.421902081659131,-0.941830660181034,-0.05607624240073811,-0.3313766174327503,-0.2692987595217292,-0.4639935422067179,0.8439124189810934,-0.0009048285,1.7710116e-05,0.10708756,0.0007038521,0.00011686495,-0.0140077025,1.0397723,-0.04523681,-4.120477e-06,0.0047316775,0.8732876888595943,0.0006767946156912963,-0.4872044277665346,-0.0007054696559553065,0.9999997433909057,0.00012462217736443706,0.4872043870890663,0.00023487692678511942,0.8732879422240962,left_images/camera_left_10.png,right_images/camera_right_10.png
2025-05-07 16:13:58,0.5089263916015625,11,-0.15339004,0.106547005,0.10105686,1.6540802,-0.1839338,-0.45881027,2.3994826e-08,0.03856285,-0.007093993,0.017968234,-0.2065132698750896,0.882940795874704,0.42162521312848744,-0.9414100457683212,-0.06187025602718782,-0.331540641770534,-0.2666446982259083,-0.46538975321688625,0.8439863639353065,-0.000904825,1.7709788e-05,0.10708756,0.00070386217,0.00011686717,-0.0140077025,1.040265,-0.04523681,-4.120477e-06,0.0047316775,0.8732876888595943,0.0006767946156912963,-0.4872044277665346,-0.0007054696559553065,0.9999997433909057,0.00012462217736443706,0.4872043870890663,0.00023487692678511942,0.8732879422240962,left_images/camera_left_11.png,right_images/camera_right_11.png
2025-05-07 16:13:58,0.5643832683563232,12,-0.15269434,0.106658295,0.101062894,1.6584575,-0.1809861,-0.45945892,1.9414731e-08,0.038586456,-0.007112249,0.017937724,-0.21075913835764037,0.8818821857613838,0.4217397254652085,-0.9411644586667433,-0.06646733526934145,-0.3313480874921858,-0.264178059916567,-0.4667610778320289,0.8440047682802518,-0.0009048215,1.770946e-05,0.10708756,0.0007038722,0.000116869414,-0.0140077025,1.0439689,-0.04523681,-4.120477e-06,0.0047316775,0.8732876888595943,0.0006767946156912963,-0.4872044277665346,-0.0007054696559553065,0.9999997433909057,0.00012462217736443706,0.4872043870890663,0.00023487692678511942,0.8732879422240962,left_images/camera_left_12.png,right_images/camera_right_12.png
2025-05-07 16:13:58,0.6232478618621826,13,-0.15217002,0.10678876,0.101081826,1.661544,-0.17945865,-0.4602155,9.5698525e-09,0.038606357,-0.0071298075,0.017899245,-0.2136268084982587,0.8814025421479608,0.42129935365006227,-0.9409098609081485,-0.0696347840523952,-0.3314206247290364,-0.26277789164360227,-0.46720504657493617,0.844196200014105,-0.000904835,1.7709133e-05,0.107087545,0.0007038821,0.00011687166,-0.014007676,1.040131,-0.04523681,-4.12058e-06,0.004731709,0.8732875337097183,0.0006768201292024842,-0.4872047058287818,-0.0007054651818567029,0.9999997433865154,0.00012468271757814736,0.4872046651932576,0.00023482209346889734,0.873287787085397,left_images/camera_left_13.png,right_images/camera_right_13.png
2025-05-07 16:13:58,0.6674480438232422,14,-0.15172924,0.10695173,0.101104245,1.6636053,-0.17887056,-0.461525,5.645412e-08,0.03862964,-0.0071439305,0.01785935,-0.21564311161807942,0.881327459994605,0.4204283014630801,-0.9405057617144172,-0.07168358583327267,-0.3321300584169822,-0.2625775325378329,-0.4670367991727653,0.844351625583087,-0.00090483116,1.7714461e-05,0.107087545,0.00070391287,0.00011685177,-0.01400771,1.0395339,-0.04523681,-4.120477e-06,0.0047317073,0.8732876888595943,0.0006767946156912963,-0.4872044277665346,-0.0007054696559553065,0.9999997433909057,0.00012462217736443706,0.4872043870890663,0.00023487692678511942,0.8732879422240962,left_images/camera_left_14.png,right_images/camera_right_14.png
2025-05-07 16:13:58,0.7152402400970459,15,-0.1514961,0.107082516,0.101128235,1.665076,-0.17993942,-0.46361494,1.2662998e-07,0.03865985,-0.007148072,0.017820636,-0.2169925673183808,0.8819372100883003,0.4184506938580018,-0.9398828868522764,-0.07296160612457564,-0.3336116949897788,-0.26369373282429154,-0.4656859043318656,0.8447498172688784,-0.0009048275,1.7714045e-05,0.107087545,0.0007039228,0.00011685402,-0.01400771,1.0423083,-0.04523681,-4.120477e-06,0.0047317073,0.8732876888595943,0.0006767946156912963,-0.4872044277665346,-0.0007054696559553065,0.9999997433909057,0.00012462217736443706,0.4872043870890663,0.00023487692678511942,0.8732879422240962,left_images/camera_left_15.png,right_images/camera_right_15.png
2025-05-07 16:13:58,0.7683727741241455,16,-0.15129727,0.10725305,0.10116359,1.6664528,-0.18127976,-0.4656651,1.2895285e-07,0.03868421,-0.007157795,0.017773207,-0.21813104574789172,0.8826581642731018,0.4163332942763155,-0.9392935529552652,-0.07410647901195538,-0.335016195347516,-0.2648517854529313,-0.464136612228004,0.8452400469286261,-0.000904824,1.7713717e-05,0.107087545,0.00070393336,0.000116856245,-0.01400771,1.0398153,-0.04523681,-4.120477e-06,0.0047317073,0.8732876888595943,0.0006767946156912963,-0.4872044277665346,-0.0007054696559553065,0.9999997433909057,0.00012462217736443706,0.4872043870890663,0.00023487692678511942,0.8732879422240962,left_images/camera_left_16.png,right_images/camera_right_16.png
2025-05-07 16:13:58,0.8169949054718018,17,-0.1510764,0.10749567,0.1012185,1.6679046,-0.18285847,-0.4678504,1.3217684e-07,0.038702738,-0.0071767513,0.017707847,-0.21922688114296868,0.8835003149343797,0.413964694261695,-0.938689374694638,-0.07527965197018566,-0.3364449908003349,-0.2660861372182256,-0.4623420460114997,0.8458356814832204,-0.0009048205,1.771339e-05,0.107087545,0.00070394325,0.00011685848,-0.01400771,1.0421208,-0.04523681,-4.120477e-06,0.0047317073,0.8732876888595943,0.0006767946156912963,-0.4872044277665346,-0.0007054696559553065,0.9999997433909057,0.00012462217736443706,0.4872043870890663,0.00023487692678511942,0.8732879422240962,left_images/camera_left_17.png,right_images/camera_right_17.png
2025-05-07 16:13:58,0.8726725578308105,18,-0.15084305,0.10787657,0.101301104,1.6692828,-0.18610337,-0.4696414,1.0666389e-07,0.038730446,-0.0072181597,0.017607208,-0.21934758427681683,0.8851277213981442,0.41040900828862653,-0.9383223300841718,-0.07614596864783246,-0.3372728810979233,-0.2672785852576583,-0.4590759286558298,0.8472375402397205,-0.000904817,1.7713062e-05,0.107087545,0.0007039538,0.000116860705,-0.01400771,1.0396317,-0.04523681,-4.120477e-06,0.0047317073,0.8732876888595943,0.0006767946156912963,-0.4872044277665346,-0.0007054696559553065,0.9999997433909057,0.00012462217736443706,0.4872043870890663,0.00023487692678511942,0.8732879422240962,left_images/camera_left_18.png,right_images/camera_right_18.png
2025-05-07 16:13:58,0.9324774742126465,19,-0.1502732,0.10825966,0.10136758,1.6709613,-0.1887562,-0.47176644,0.02666651,0.03878837,-0.007255783,0.017503444,-0.2199469750851908,0.8866199160587551,0.40685188041698966,-0.9378223901178646,-0.07737209089732783,-0.3383825115808901,-0.2685376933402274,-0.4559810127605553,0.848509766153206,-0.0009048135,1.7712735e-05,0.107087545,0.00070396415,0.00011686291,-0.01400771,1.0395353,-0.04523681,-4.120477e-06,0.0047317073,0.8732876888595943,0.0006767946156912963,-0.4872044277665346,-0.0007054696559553065,0.9999997433909057,0.00012462217736443706,0.4872043870890663,0.00023487692678511942,0.8732879422240962,left_images/camera_left_19.png,right_images/camera_right_19.png
2025-05-07 16:13:58,0.9771401882171631,20,-0.14929196,0.10780652,0.10140109,1.6723279,-0.19025731,-0.472982,0.053333156,0.0388769,-0.007209344,0.017403135,-0.22079108481832804,0.8877210071808935,0.403983551985085,-0.9373000517021696,-0.07860266993982401,-0.33954415523970005,-0.2696662936739708,-0.45362212654154244,0.8494157146933842,-0.00090481003,1.7712407e-05,0.107087545,0.00070397416,0.00011686516,-0.01400771,1.0423081,-0.04523681,-4.120477e-06,0.0047317073,0.8732876888595943,0.0006767946156912963,-0.4872044277665346,-0.0007054696559553065,0.9999997433909057,0.00012462217736443706,0.4872043870890663,0.00023487692678511942,0.8732879422240962,left_images/camera_left_20.png,right_images/camera_right_20.png
2025-05-07 16:13:58,1.0226595401763916,21,-0.14781272,0.10574576,0.10141497,1.6735941,-0.19227193,-0.47460485,0.079998925,0.039019957,-0.006992574,0.017276114,-0.22231423757542002,0.8891950411037544,0.3998856819739265,-0.9360922801596441,-0.0799944743713274,-0.3425377746987529,-0.2725942457147221,-0.4504809240651013,0.8501525241135699,-0.0009049047,1.7552287e-05,0.107087545,0.00070396817,0.00011703643,-0.014007654,1.039987,-0.04523672,-4.1483954e-06,0.0047317985,0.8732875337068065,0.0006767256544956199,-0.48720470596523596,-0.0007055722752683339,0.9999997433589962,0.00012429684680304872,0.48720466504339616,0.0002352112461171639,0.873287787064277,left_images/camera_left_21.png,right_images/camera_right_21.png
2025-05-07 16:13:58,1.0684692859649658,22,-0.14654085,0.10405935,0.10144059,1.6740043,-0.19489439,-0.4769701,0.106665835,0.039148986,-0.0068065543,0.01715431,-0.22310484371905237,0.8908701701439973,0.395695045024199,-0.9347766386485462,-0.08041203493602406,-0.34601523156412256,-0.27643600443144695,-0.4470841582801311,0.8507049376069966,-0.0009049208,1.7531644e-05,0.107087545,0.00070396275,0.0001169994,-0.014007654,1.0420632,-0.04523672,-4.1483954e-06,0.0047317985,0.8732875337068065,0.0006767256544956199,-0.48720470596523596,-0.0007055722752683339,0.9999997433589962,0.00012429684680304872,0.48720466504339616,0.0002352112461171639,0.873287787064277,left_images/camera_left_22.png,right_images/camera_right_22.png
2025-05-07 16:13:58,1.1162946224212646,23,-0.14509457,0.103136435,0.10150505,1.6744316,-0.19661,-0.4788355,0.13333344,0.039257072,-0.00670607,0.017002072,-0.2235685208983791,0.8922377866755979,0.39233767151720367,-0.9338625960112323,-0.08080619136261574,-0.3483834255653249,-0.2791375435774862,-0.4442770435952081,0.8512932164065613,-0.0009049208,1.7537392e-05,0.107087545,0.0007039574,0.000116962416,-0.014007654,1.0397996,-0.04523672,-4.1483954e-06,0.0047317985,0.8732875337068065,0.0006767256544956199,-0.48720470596523596,-0.0007055722752683339,0.9999997433589962,0.00012429684680304872,0.48720466504339616,0.0002352112461171639,0.873287787064277,left_images/camera_left_23.png,right_images/camera_right_23.png
2025-05-07 16:13:58,1.1587669849395752,24,-0.14291784,0.10287962,0.101629674,1.6761746,-0.19755942,-0.4788575,0.16000152,0.039380807,-0.006700333,0.016760247,-0.22394907208543446,0.8935839766614475,0.3890430435902775,-0.9337937234641402,-0.08243519353669604,-0.34818633069887217,-0.2790628874125862,-0.4412619579348317,0.8528843938943127,-0.0009049208,1.7543147e-05,0.107087545,0.0007039518,0.00011692542,-0.014007654,1.0424625,-0.04523672,-4.1483954e-06,0.0047317985,0.8732875337068065,0.0006767256544956199,-0.48720470596523596,-0.0007055722752683339,0.9999997433589962,0.00012429684680304872,0.48720466504339616,0.0002352112461171639,0.873287787064277,left_images/camera_left_24.png,right_images/camera_right_24.png
2025-05-07 16:13:59,1.200758457183838,25,-0.14018868,0.10276573,0.10182194,1.6778612,-0.20044962,-0.4767477,0.18666935,0.03953584,-0.00673745,0.016412936,-0.22243508629433978,0.8960305156178682,0.3842550552260922,-0.9345892547213396,-0.08374326417647504,-0.3457310958888139,-0.27760683951343984,-0.4360233718353257,0.8560479319925449,-0.0009049208,1.75489e-05,0.107087545,0.0007039463,0.000116888434,-0.014007654,1.0397912,-0.04523672,-4.1483954e-06,0.0047317985,0.8732875337068065,0.0006767256544956199,-0.48720470596523596,-0.0007055722752683339,0.9999997433589962,0.00012429684680304872,0.48720466504339616,0.0002352112461171639,0.873287787064277,left_images/camera_left_25.png,right_images/camera_right_25.png
2025-05-07 16:13:59,1.2459139823913574,26,-0.13721353,0.102623865,0.102086335,1.6797515,-0.2046008,-0.4734706,0.21333674,0.039687045,-0.006791816,0.015981585,-0.22007243824279377,0.8990970763346636,0.3784079402606821,-0.9358180797361221,-0.0850972493251611,-0.34205698325905937,-0.2753409587490913,-0.42939830633544834,0.8601188586186095,-0.0009049208,1.7554656e-05,0.107087545,0.0007039408,0.00011685144,-0.014007654,1.0419474,-0.04523672,-4.1483954e-06,0.0047317985,0.8732875337068065,0.0006767256544956199,-0.48720470596523596,-0.0007055722752683339,0.9999997433589962,0.00012429684680304872,0.48720466504339616,0.0002352112461171639,0.873287787064277,left_images/camera_left_26.png,right_images/camera_right_26.png
2025-05-07 16:13:59,1.302494764328003,27,-0.13398921,0.10280485,0.10243333,1.6822287,-0.2104142,-0.4700972,0.24000391,0.03984046,-0.0068941694,0.015459077,-0.21719467409327076,0.902935933613245,0.37085465257361394,-0.9372431251707145,-0.08674041079227685,-0.3377150062638905,-0.2727669295676264,-0.42093087428408604,0.8651100515013594,-0.0009049181,1.7556127e-05,0.107087545,0.0007039518,0.00011688566,-0.014007682,1.0398943,-0.04523672,-4.1483954e-06,0.0047317985,0.8732875337068065,0.0006767256544956199,-0.48720470596523596,-0.0007055722752683339,0.9999997433589962,0.00012429684680304872,0.48720466504339616,0.0002352112461171639,0.873287787064277,left_images/camera_left_27.png,right_images/camera_right_27.png
2025-05-07 16:13:59,1.3566083908081055,28,-0.13078973,0.103466086,0.10279266,1.6849129,-0.21511,-0.46652997,0.26667103,0.039971914,-0.007048991,0.014938883,-0.21463049441399668,0.9062334647786888,0.36424532691966865,-0.9388385623696557,-0.08860394928487647,-0.3327634204337988,-0.2692877729776854,-0.41338873652572583,0.869824032686142,-0.00090491783,1.7561231e-05,0.107087545,0.000703945,0.00011684868,-0.014007682,1.0396558,-0.04523672,-4.1483954e-06,0.0047317985,0.8732875337068065,0.0006767256544956199,-0.48720470596523596,-0.0007055722752683339,0.9999997433589962,0.00012429684680304872,0.48720466504339616,0.0002352112461171639,0.873287787064277,left_images/camera_left_28.png,right_images/camera_right_28.png
2025-05-07 16:13:59,1.4043116569519043,29,-0.12731478,0.10462676,0.10318768,1.6878623,-0.21977043,-0.4626494,0.2933383,0.040110193,-0.007264507,0.014376457,-0.21185143766492986,0.9095847856479733,0.35745557217230856,-0.9406815458004212,-0.09059856987966741,-0.3269711432623512,-0.2650230136230291,-0.4055211669610961,0.8748230594792745,-0.00090491516,1.7562701e-05,0.107087545,0.00070395524,0.0001168829,-0.01400771,1.0394341,-0.04523672,-4.147756e-06,0.0047317967,0.8732876888569006,0.0006766851381852386,-0.48720442792343027,-0.0007055917521640181,0.9999997433599418,0.0001241786209841825,0.48720438691708484,0.0002353237650358475,0.8732879421997496,left_images/camera_left_29.png,right_images/camera_right_29.png
2025-05-07 16:13:59,1.45039701461792,30,-0.12411774,0.10570574,0.10358616,1.690686,-0.22336349,-0.45887607,0.32000482,0.04020867,-0.0074701477,0.013836514,-0.20963105894104073,0.9123224534693715,0.3517421783393119,-0.9423897882204655,-0.09260916609325792,-0.3214421089610031,-0.26068430367984174,-0.39886248664312574,0.8791771212695529,-0.0009049131,1.7562112e-05,0.107087545,0.00070396566,0.00011688512,-0.014007766,1.0394881,-0.04523672,-4.147756e-06,0.0047317967,0.8732876888569006,0.0006766851381852386,-0.48720442792343027,-0.0007055917521640181,0.9999997433599418,0.0001241786209841825,0.48720438691708484,0.0002353237650358475,0.8732879421997496,left_images/camera_left_30.png,right_images/camera_right_30.png
2025-05-07 16:13:59,1.4999172687530518,31,-0.120937966,0.106831595,0.10401507,1.693797,-0.22561416,-0.45551154,0.34667146,0.040270947,-0.007680431,0.013283496,-0.20833040056340435,0.9144579325568601,0.3469367864394385,-0.9438952642659365,-0.09504613951316299,-0.3162719738768867,-0.25624241315096385,-0.39336105672457894,0.882953512227622,-0.00090491184,1.7561784e-05,0.107087545,0.0007039763,0.00011688737,-0.014007822,1.0418589,-0.04523672,-4.147756e-06,0.0047317967,0.8732876888569006,0.0006766851381852386,-0.48720442792343027,-0.0007055917521640181,0.9999997433599418,0.0001241786209841825,0.48720438691708484,0.0002353237650358475,0.8732879421997496,left_images/camera_left_31.png,right_images/camera_right_31.png
2025-05-07 16:13:59,1.5444271564483643,32,-0.11785834,0.10799893,0.10443406,1.6974611,-0.22565547,-0.45232517,0.37333813,0.040300537,-0.007892568,0.012759191,-0.208424431077828,0.9156201597044541,0.34380078486337684,-0.9452266498304086,-0.09828876664914538,-0.31126499771251515,-0.25120875179871016,-0.38984489414814716,0.8859543563448142,-0.00090490986,1.7561457e-05,0.107087545,0.00070398755,0.00011688959,-0.014007878,1.0401634,-0.04523672,-4.147756e-06,0.0047317967,0.8732876888569006,0.0006766851381852386,-0.48720442792343027,-0.0007055917521640181,0.9999997433599418,0.0001241786209841825,0.48720438691708484,0.0002353237650358475,0.8732879421997496,left_images/camera_left_32.png,right_images/camera_right_32.png
2025-05-07 16:13:59,1.592639684677124,33,-0.1146552,0.109321155,0.10483333,1.7017505,-0.2236419,-0.44972774,0.40000468,0.040325996,-0.008113591,0.01225858,-0.20991351634269617,0.9159779076590018,0.3419368192185247,-0.946287518011262,-0.10237051020169313,-0.30669237339251026,-0.24591919183490038,-0.3879494185092723,0.8882674145580188,-0.0009049082,1.756113e-05,0.107087545,0.00070399774,0.00011689182,-0.014007933,1.0408056,-0.04523672,-4.147756e-06,0.0047317967,0.8732876888569006,0.0006766851381852386,-0.48720442792343027,-0.0007055917521640181,0.9999997433599418,0.0001241786209841825,0.48720438691708484,0.0002353237650358475,0.8732879421997496,left_images/camera_left_33.png,right_images/camera_right_33.png
2025-05-07 16:13:59,1.6397674083709717,34,-0.11146694,0.11094358,0.10521475,1.7065377,-0.22024043,-0.44784552,0.4266712,0.04034564,-0.008358796,0.011784892,-0.21242748995401745,0.9157598555384445,0.3409669316752625,-0.9471077093294271,-0.10705662817191008,-0.30253242023496757,-0.24054427542679424,-0.3871986122762692,0.8900649898803625,-0.0009049061,1.7560802e-05,0.107087545,0.0007040091,0.000116894036,-0.014007989,1.0402651,-0.04523672,-4.147756e-06,0.0047317967,0.8732876888569006,0.0006766851381852386,-0.48720442792343027,-0.0007055917521640181,0.9999997433599418,0.0001241786209841825,0.48720438691708484,0.0002353237650358475,0.8732879421997496,left_images/camera_left_34.png,right_images/camera_right_34.png
2025-05-07 16:13:59,1.6905498504638672,35,-0.10764018,0.11325632,0.105589606,1.7121207,-0.21479347,-0.44572812,0.45333862,0.040401086,-0.0086793825,0.0112953335,-0.21574405751040554,0.9149643146281321,0.34102024075708415,-0.9480413108803212,-0.11264715302268874,-0.2975370427025941,-0.23382081710846284,-0.38749312493637317,0.8917269221088793,-0.0009049047,1.7560475e-05,0.107087545,0.0007040195,0.00011689628,-0.014008045,1.0436602,-0.04523672,-4.147756e-06,0.0047317967,0.8732876888569006,0.0006766851381852386,-0.48720442792343027,-0.0007055917521640181,0.9999997433599418,0.0001241786209841825,0.48720438691708484,0.0002353237650358475,0.8732879421997496,left_images/camera_left_35.png,right_images/camera_right_35.png
2025-05-07 16:13:59,1.741396188735962,36,-0.10377205,0.115716614,0.105933234,1.7179985,-0.2089252,-0.44377163,0.48000532,0.040477164,-0.009011889,0.010832638,-0.21944306828888993,0.9139900383471631,0.3412725444305606,-0.9488648685599319,-0.11857548457016054,-0.29256677130476555,-0.22693655719760303,-0.3880232779887091,0.8932736057592859,-0.00090489007,1.7564313e-05,0.10708753,0.00070403086,0.00011689368,-0.014008045,1.0398709,-0.04523675,-4.1440308e-06,0.0047318265,0.8732876888569006,0.0006766851381852386,-0.48720442792343027,-0.0007055917521640181,0.9999997433599418,0.0001241786209841825,0.48720438691708484,0.0002353237650358475,0.8732879421997496,left_images/camera_left_36.png,right_images/camera_right_36.png
2025-05-07 16:13:59,1.7986185550689697,37,-0.099134244,0.1188903,0.10628562,1.725196,-0.20037542,-0.44138873,0.50667274,0.040584344,-0.009425874,0.010338461,-0.22449028441551483,0.9121844691142116,0.34281716192434925,-0.9497367126096941,-0.1260383802876513,-0.28655628315532866,-0.21818407119763067,-0.38991514589880916,0.8946294708281959,-0.00090488663,1.756408e-05,0.10708753,0.0007040412,0.000116896554,-0.014008027,1.0396886,-0.04523675,-4.1440308e-06,0.0047318265,0.8732876888569006,0.0006766851381852386,-0.48720442792343027,-0.0007055917521640181,0.9999997433599418,0.0001241786209841825,0.48720438691708484,0.0002353237650358475,0.8732879421997496,left_images/camera_left_37.png,right_images/camera_right_37.png
2025-05-07 16:13:59,1.8525233268737793,38,-0.09428067,0.12212057,0.10661851,1.7328415,-0.1911841,-0.43934652,0.53333914,0.04071874,-0.00984099,0.009853585,-0.23020670721371833,0.9101347499226548,0.34447004069591297,-0.9503351735928035,-0.134070346984356,-0.28087043256959265,-0.20944672302557782,-0.3920202533578092,0.8957969586748582,-0.00090488326,1.7563649e-05,0.10708753,0.00070405164,0.00011689877,-0.014008082,1.0397453,-0.045236755,-4.14449e-06,0.0047318246,0.8732878720923379,0.000676721784192744,-0.4872040994327358,-0.0007055876043849098,0.9999997433526239,0.0001242610909397815,0.4872040584832692,0.0002352494696745771,0.8732881254517996,left_images/camera_left_38.png,right_images/camera_right_38.png
2025-05-07 16:13:59,1.9003427028656006,39,-0.08886927,0.12558335,0.10691396,1.7411978,-0.18074125,-0.43795535,0.56000626,0.04091456,-0.010270143,0.009379001,-0.2369715881215565,0.9077065050441311,0.34628509515097017,-0.9505547319741459,-0.14298666810370808,-0.27568190775994006,-0.20072410902706098,-0.39449171530612537,0.8967084914341582,-0.00090488704,1.756902e-05,0.10708753,0.00070405507,0.000116861745,-0.01400808,1.0397831,-0.045236755,-4.14449e-06,0.0047318246,0.8732878720923379,0.000676721784192744,-0.4872040994327358,-0.0007055876043849098,0.9999997433526239,0.0001242610909397815,0.4872040584832692,0.0002352494696745771,0.8732881254517996,left_images/camera_left_39.png,right_images/camera_right_39.png
2025-05-07 16:13:59,1.945150375366211,40,-0.083632916,0.12891738,0.10714947,1.749083,-0.17057925,-0.43721202,0.58667296,0.04113706,-0.010670344,0.008964161,-0.24366694509182985,0.9052817633918218,0.3479818224272765,-0.9504625993468994,-0.15149584431264818,-0.27142191584087855,-0.19299551060154294,-0.3968802565336191,0.8973509875525062,-0.00090488815,1.7576609e-05,0.10708753,0.000704059,0.000116855714,-0.014008079,1.0420842,-0.045236755,-4.14449e-06,0.0047318246,0.8732878720923379,0.000676721784192744,-0.4872040994327358,-0.0007055876043849098,0.9999997433526239,0.0001242610909397815,0.4872040584832692,0.0002352494696745771,0.8732881254517996,left_images/camera_left_40.png,right_images/camera_right_40.png
2025-05-07 16:13:59,1.9896559715270996,41,-0.07833689,0.13239585,0.107354656,1.7570508,-0.15996745,-0.43665686,0.6133401,0.041380703,-0.011078273,0.008577832,-0.25063112713779423,0.9026344899088077,0.3499071530230634,-0.950185740253739,-0.16018819892589187,-0.2673701552966097,-0.18528652710894303,-0.3994880706002941,0.8978185698235259,-0.00090488826,1.7584507e-05,0.10708753,0.0007040634,0.0001168497,-0.014008078,1.0404868,-0.045236755,-4.14449e-06,0.0047318246,0.8732878720923379,0.000676721784192744,-0.4872040994327358,-0.0007055876043849098,0.9999997433526239,0.0001242610909397815,0.4872040584832692,0.0002352494696745771,0.8732881254517996,left_images/camera_left_41.png,right_images/camera_right_41.png
2025-05-07 16:13:59,2.0452470779418945,42,-0.07365034,0.13561407,0.10754302,1.7631619,-0.15085302,-0.43584907,0.640007,0.041597422,-0.011454629,0.008232667,-0.2558419906157282,0.9004448367599863,0.3517726137578975,-0.9500697894452595,-0.16695657986037882,-0.2636150519692772,-0.17864005995638654,-0.40165233273766293,0.8981999402055046,-0.0009048884,1.7592407e-05,0.10708753,0.0007040672,0.00011684367,-0.014008077,1.0420966,-0.045236755,-4.13894e-06,0.00473182,0.873287858691843,0.0006765343798206124,-0.4872041237126884,-0.0007055309892899672,0.999999743427715,0.00012397793126744532,0.48720408258494596,0.0002354691852675728,0.8732881119463519,left_images/camera_left_42.png,right_images/camera_right_42.png
2025-05-07 16:13:59,2.100087881088257,43,-0.06936774,0.13884987,0.10774845,1.767228,-0.14267755,-0.43397853,0.6666744,0.041777264,-0.011840213,0.007894282,-0.258876711121816,0.898632261060525,0.35417920297499184,-0.9504502957331494,-0.17164817703367397,-0.25919324578735714,-0.17212519797961223,-0.40372882322453163,0.8985410138208574,-0.00090488745,1.7591861e-05,0.10708753,0.00070406357,0.000116864096,-0.0140081365,1.0426831,-0.045236755,-4.14449e-06,0.0047318246,0.8732878720923379,0.000676721784192744,-0.4872040994327358,-0.0007055876043849098,0.9999997433526239,0.0001242610909397815,0.4872040584832692,0.0002352494696745771,0.8732881254517996,left_images/camera_left_43.png,right_images/camera_right_43.png
2025-05-07 16:13:59,2.1466262340545654,44,-0.06550365,0.14194338,0.10796357,1.7707808,-0.13517374,-0.43193606,0.6933415,0.04192327,-0.012213847,0.007568444,-0.26137779860334104,0.896949585062786,0.3565993385481352,-0.9508824200063655,-0.1757977623333456,-0.25478965850565216,-0.16584411270862032,-0.40568040205842426,0.8988432241862903,-0.00090488757,1.7598393e-05,0.10708753,0.00070406805,0.00011685807,-0.0140081365,1.0398402,-0.045236755,-4.14449e-06,0.0047318246,0.8732878720923379,0.000676721784192744,-0.4872040994327358,-0.0007055876043849098,0.9999997433526239,0.0001242610909397815,0.4872040584832692,0.0002352494696745771,0.8732881254517996,left_images/camera_left_44.png,right_images/camera_right_44.png
2025-05-07 16:14:00,2.20135498046875,45,-0.0619909,0.14489147,0.10817885,1.7735147,-0.12836947,-0.43019292,0.72000825,0.042047545,-0.012568977,0.007259328,-0.2632530701305539,0.8954697947055783,0.35893128567566673,-0.9513015202545476,-0.1791001899255641,-0.25089547530797207,-0.1603846583318494,-0.4075008818868693,0.8990104519043144,-0.0009048877,1.760629e-05,0.10708753,0.0007040717,0.000116852054,-0.014008136,1.0421913,-0.045236815,-4.121542e-06,0.0047317026,0.873287886674053,0.0006768889661750996,-0.4872040730635306,-0.0007055232131815067,0.9999997433409707,0.00012471964001570574,0.4872040324395543,0.00023481763224683538,0.87328814009771,left_images/camera_left_45.png,right_images/camera_right_45.png
2025-05-07 16:14:00,2.253565788269043,46,-0.058385685,0.14804988,0.10840564,1.7757083,-0.12127799,-0.4278978,0.74667555,0.04217065,-0.012951972,0.0069414703,-0.2645133616984844,0.8939586616100832,0.36176040802619036,-0.9519247484757234,-0.18193120368163995,-0.24645549368269415,-0.1545055168024675,-0.4095594565618753,0.8991046083845549,-0.0009048853,1.7600725e-05,0.10708753,0.00070401625,0.00011687884,-0.0140081365,1.0398076,-0.045236755,-4.14449e-06,0.0047318246,0.8732878720923379,0.000676721784192744,-0.4872040994327358,-0.0007055876043849098,0.9999997433526239,0.0001242610909397815,0.4872040584832692,0.0002352494696745771,0.8732881254517996,left_images/camera_left_46.png,right_images/camera_right_46.png
2025-05-07 16:14:00,2.312540054321289,47,-0.054867912,0.15125525,0.10863803,1.7767162,-0.114783466,-0.42551112,0.77334255,0.042290933,-0.013341082,0.0066232756,-0.26461046628778073,0.8927750198372183,0.3646012412014228,-0.9527510667327225,-0.18354579993874254,-0.2420255031283003,-0.14915329688150747,-0.4114167027230443,0.8991604922091914,-0.00090488966,1.7604145e-05,0.10708753,0.00070401956,0.00011684182,-0.014008135,1.0397528,-0.04523682,-4.118955e-06,0.0047317035,0.8732879002260515,0.0006767637495988468,-0.48720404894623054,-0.0007054580046834059,0.9999997434044431,0.0001245794990167305,0.4872040082427252,0.00023490822713575016,0.8732881535726609,left_images/camera_left_47.png,right_images/camera_right_47.png
2025-05-07 16:14:00,2.360579252243042,48,-0.051676486,0.15419428,0.10885204,1.7772386,-0.109047554,-0.42339975,0.80000937,0.0424022,-0.013697925,0.00633322,-0.2643499543304121,0.891801763991151,0.3671630637574817,-0.9535355421179837,-0.18462968306150873,-0.23807950363349134,-0.14453052121704885,-0.41303933695821077,0.8991715267744247,-0.0009048804,1.7615659e-05,0.10708753,0.00070403825,0.00011676558,-0.014008176,1.0398521,-0.04523682,-4.118955e-06,0.0047317035,0.8732879002260515,0.0006767637495988468,-0.48720404894623054,-0.0007054580046834059,0.9999997434044431,0.0001245794990167305,0.4872040082427252,0.00023490822713575016,0.8732881535726609,left_images/camera_left_48.png,right_images/camera_right_48.png
2025-05-07 16:14:00,2.4137744903564453,49,-0.048487272,0.15725,0.109070264,1.7768638,-0.10371542,-0.42143115,0.82667625,0.042517927,-0.014067183,0.0060411496,-0.2632477872486297,0.8910925886458578,0.3696682309438076,-0.9544534908672944,-0.18478910706480117,-0.23424670687424604,-0.14042484210400846,-0.4144960607419779,0.8991517554614721,-0.0009048699,1.762758e-05,0.10708753,0.000704057,0.00011668934,-0.014008217,1.039893,-0.04523682,-4.118955e-06,0.0047317035,0.8732879002260515,0.0006767637495988468,-0.48720404894623054,-0.0007054580046834059,0.9999997434044431,0.0001245794990167305,0.4872040082427252,0.00023490822713575016,0.8732881535726609,left_images/camera_left_49.png,right_images/camera_right_49.png
2025-05-07 16:14:00,2.4635205268859863,50,-0.045615237,0.16002743,0.10927312,1.7761472,-0.099014774,-0.42004913,0.8533429,0.042622216,-0.014400516,0.0057745026,-0.26206114033180344,0.890530066761242,0.37186040246604973,-0.9552424039210224,-0.184567888178574,-0.2311853031758016,-0.13724397429097118,-0.4158015089529126,0.8990401529816676,-0.00090485945,1.7639502e-05,0.10708753,0.0007040756,0.000116613075,-0.014008258,1.042366,-0.04523683,-4.1247304e-06,0.004731735,0.8732878718640624,0.0006770666764745583,-0.4872040993627335,-0.0007059024909615522,0.9999997431125546,0.0001244045740759441,0.4872040584363086,0.00023527758160189692,0.8732881254704254,left_images/camera_left_50.png,right_images/camera_right_50.png
2025-05-07 16:14:00,2.514557123184204,51,-0.042879306,0.16267304,0.109456785,1.7750031,-0.09485287,-0.41906798,0.88000965,0.042732477,-0.014714555,0.0055282377,-0.2605876088816662,0.8901700307224482,0.37375314647629654,-0.9559971482733459,-0.1838746946406261,-0.22860347583544594,-0.13477221742839507,-0.4168781753395261,0.8989154778593044,-0.0009048464,1.7649214e-05,0.10708753,0.00070413464,0.00011658701,-0.014008278,1.0398197,-0.04523683,-4.1247304e-06,0.004731735,0.8732878718640624,0.0006770666764745583,-0.4872040993627335,-0.0007059024909615522,0.9999997431125546,0.0001244045740759441,0.4872040584363086,0.00023527758160189692,0.8732881254704254,left_images/camera_left_51.png,right_images/camera_right_51.png
2025-05-07 16:14:00,2.5601372718811035,52,-0.040558986,0.16497248,0.10961972,1.773103,-0.091639124,-0.4184326,0.9066762,0.042826213,-0.01498625,0.005314038,-0.25855111458844593,0.8900856266007094,0.3753650202987687,-0.9567587624146429,-0.18234143505459766,-0.22663687168029653,-0.13328162546980563,-0.4177309880545764,0.8987418038185795,-0.00090482447,1.7639877e-05,0.10708755,0.00070409314,0.0001166679,-0.014008326,1.0446255,-0.04523683,-4.1247304e-06,0.0047317054,0.8732878718640624,0.0006770666764745583,-0.4872040993627335,-0.0007059024909615522,0.9999997431125546,0.0001244045740759441,0.4872040584363086,0.00023527758160189692,0.8732881254704254,left_images/camera_left_52.png,right_images/camera_right_52.png
2025-05-07 16:14:00,2.6090474128723145,53,-0.038708262,0.16687413,0.10976181,1.7709864,-0.08906399,-0.41738722,0.93334305,0.042892866,-0.015216362,0.005135022,-0.2562276662071694,0.8900635588484547,0.37700695521442396,-0.9575859402549822,-0.18054194468318796,-0.22457464958448511,-0.13182014298281183,-0.41855879804399765,0.8985721910252704,-0.0009048181,1.7627213e-05,0.10708755,0.00070405216,0.000116748786,-0.014008351,1.0420961,-0.04523682,-4.118955e-06,0.0047316737,0.8732879002260515,0.0006767637495988468,-0.48720404894623054,-0.0007054580046834059,0.9999997434044431,0.0001245794990167305,0.4872040082427252,0.00023490822713575016,0.8732881535726609,left_images/camera_left_53.png,right_images/camera_right_53.png
2025-05-07 16:14:00,2.663285255432129,54,-0.037266083,0.16846289,0.10989316,1.7689404,-0.08708524,-0.41660616,0.9600098,0.042934503,-0.015410341,0.0049802717,-0.2540555972127299,0.8900952692840352,0.3783994782277907,-0.9583036074587199,-0.17874515161032783,-0.22294476156080598,-0.1308050054718352,-0.4192619495899693,0.8983927137780734,-0.00090481126,1.7637478e-05,0.10708755,0.0007040707,0.000116672556,-0.014008375,1.0396984,-0.04523682,-4.118955e-06,0.0047316737,0.8732879002260515,0.0006767637495988468,-0.48720404894623054,-0.0007054580046834059,0.9999997434044431,0.0001245794990167305,0.4872040082427252,0.00023490822713575016,0.8732881535726609,left_images/camera_left_54.png,right_images/camera_right_54.png
