Epoch Time (Seconds),Time (Seconds),Frame Number,PSM1_joint_1,PSM1_joint_2,PSM1_joint_3,PSM1_joint_4,PSM1_joint_5,PSM1_joint_6,PSM1_jaw_angle,PSM1_ee_x,PSM1_ee_y,PSM1_ee_z,"PSM1_Orientation_Matrix_[1,1]","PSM1_Orientation_Matrix_[1,2]","PSM1_Orientation_Matrix_[1,3]","PSM1_Orientation_Matrix_[2,1]","PSM1_Orientation_Matrix_[2,2]","PSM1_Orientation_Matrix_[2,3]","PSM1_Orientation_Matrix_[3,1]","PSM1_Orientation_Matrix_[3,2]","PSM1_Orientation_Matrix_[3,3]",PSM2_joint_1,PSM2_joint_2,PSM2_joint_3,PSM2_joint_4,PSM2_joint_5,PSM2_joint_6,PSM2_jaw_angle,PSM2_ee_x,PSM2_ee_y,PSM2_ee_z,"PSM2_Orientation_Matrix_[1,1]","PSM2_Orientation_Matrix_[1,2]","PSM2_Orientation_Matrix_[1,3]","PSM2_Orientation_Matrix_[2,1]","PSM2_Orientation_Matrix_[2,2]","PSM2_Orientation_Matrix_[2,3]","PSM2_Orientation_Matrix_[3,1]","PSM2_Orientation_Matrix_[3,2]","PSM2_Orientation_Matrix_[3,3]",Camera Left,Camera Right
2025-05-15 15:25:42,0.0028884410858154297,1,-0.065513834,-0.00060157647,0.11403259,3.9365143e-05,-0.00021664702,0.012569033,6.1616415e-12,0.03516345,7.397919e-05,0.0028099194,0.8382431244282391,0.0004874154986695806,0.5452964576951841,-4.9879468417907586e-05,0.9999996648661036,-0.0008171778994349671,-0.5452966732530308,0.0006577946581960684,0.8382428678165805,0.00068938645,-0.0033641362,0.107020564,-0.035457168,0.023487136,-0.032531064,0.8533505,-0.04525826,-7.335171e-05,0.0048057083,0.8808270306400904,-0.020598355841492017,-0.47298990457555057,0.03477629425061672,0.999169195297498,0.02124920061425178,0.4721592437429937,-0.035165706379617453,0.8808115698847665,left_images/camera_left_1.png,right_images/camera_right_1.png
2025-05-15 15:25:42,0.06158137321472168,2,-0.065513834,-0.0006015682,0.11403259,3.934949e-05,-0.00021669533,0.012569144,2.2395094e-12,0.03516345,7.397919e-05,0.0028099194,0.8382431244282391,0.0004874154986695806,0.5452964576951841,-4.9879468417907586e-05,0.9999996648661036,-0.0008171778994349671,-0.5452966732530308,0.0006577946581960684,0.8382428678165805,0.0011411231,-0.0045497483,0.1070013,-0.04703277,0.030762834,-0.03855388,0.88001704,-0.045265693,-8.2638275e-05,0.0048290696,0.8830061923675353,-0.027527663791445903,-0.46855340353771013,0.04597089139430563,0.9985511666305482,0.027968638958378214,0.4671046364413439,-0.04623629901880419,0.8829923347730962,left_images/camera_left_2.png,right_images/camera_right_2.png
2025-05-15 15:25:42,0.1247563362121582,3,-0.064254746,0.012763391,0.114057966,-0.02485551,-0.09239478,-0.0016848237,4.3976266e-07,0.03516279,0.00020587171,0.0028588772,0.8306532799815668,0.02354045563201554,0.5562921673046474,0.02498461739215179,0.9965235819481392,-0.07947653436718341,-0.5562291770031779,0.07991619091202612,0.8271774326469986,0.0014397094,-0.005542251,0.10699538,-0.055723052,0.03621838,-0.043085948,0.90668356,-0.04526991,-7.903311e-05,0.004838744,0.8845678000148408,-0.03277155607248982,-0.4652588873836718,0.05432261653649797,0.9979784665055922,0.03298535620203821,0.4632373695089086,-0.05445186409788373,0.8845598532528663,left_images/camera_left_3.png,right_images/camera_right_3.png
2025-05-15 15:25:42,0.1869490146636963,4,-0.06301133,0.02367715,0.11416782,-0.041077122,-0.16038701,-0.009776372,5.727904e-07,0.035168752,0.00016756542,0.0028830958,0.826014940473345,0.04171603759314287,0.5621023841991272,0.042382744206214025,0.9898372736768093,-0.13574194132106507,-0.5620525074300143,0.13594831314727054,0.8158523365438409,0.0016679477,-0.006401022,0.106991015,-0.062550776,0.040929314,-0.0462417,0.9333501,-0.045268986,-7.5452495e-05,0.004848874,0.8855506932341667,-0.036708617566727005,-0.4630901069001868,0.060849710479411394,0.99744998297934,0.03729402350358693,0.46054020719917443,-0.06120464729784876,0.8855262326447971,left_images/camera_left_4.png,right_images/camera_right_4.png
2025-05-15 15:25:42,0.2449653148651123,5,-0.061682776,0.031627584,0.11427091,-0.053368084,-0.2114118,-0.014855726,6.134691e-07,0.03521204,0.0001569133,0.0029071602,0.8230208519436113,0.055370270353011244,0.5653059440931492,0.055962010218266564,0.9824909960413154,-0.17770677001756152,-0.5652476719795871,0.17789203427578854,0.8055119449535673,0.0019186718,-0.006893733,0.10698021,-0.06560133,0.043720674,-0.048849754,0.9600166,-0.0452678,-7.541309e-05,0.0048651043,0.8864569553076925,-0.038164123244444785,-0.4612348274833529,0.06368149438198499,0.9971730768651591,0.03988134963298734,0.45840891533639777,-0.06472522284437647,0.8863813580326771,left_images/camera_left_5.png,right_images/camera_right_5.png
2025-05-15 15:25:43,0.29950785636901855,6,-0.060247645,0.037632935,0.11424351,-0.06673497,-0.2505776,-0.014258677,4.60903e-07,0.035366245,0.0001579423,0.0030048136,0.8230325263920538,0.06268350827088932,0.5645247897936517,0.0696370448731677,0.9752579503646329,-0.20981566250379755,-0.563709271240101,0.2119969529059991,0.7983039204942726,0.0021943804,-0.007163629,0.10697271,-0.06385746,0.044762556,-0.05120831,0.98668325,-0.045265548,-6.5570406e-05,0.0048772395,0.8875098877318821,-0.03625258269192361,-0.45936036989090323,0.06180924559905594,0.997257163793563,0.04071567782678569,0.4566243711592908,-0.06452828457803805,0.8873163382654453,left_images/camera_left_6.png,right_images/camera_right_6.png
2025-05-15 15:25:43,0.35453128814697266,7,-0.05993979,0.042269632,0.11399524,-0.08535802,-0.28091884,-0.007329583,2.1767978e-07,0.035545953,0.00016693654,0.003331732,0.8252931267477666,0.06201882637656779,0.5612886246110532,0.0869010160970314,0.9681632621818389,-0.2347511686077901,-0.557978017796578,0.24251507775042103,0.7936289868190984,0.002209842,-0.0071775997,0.10697141,-0.06385633,0.044762317,-0.0512083,1.0133493,-0.045264743,-6.407182e-05,0.004879078,0.8875025367853969,-0.036257496004082304,-0.4593741842800914,0.06180882336058603,0.9972577509187915,0.04070193591432243,0.4566387155665464,-0.06451644918861928,0.8873098169353404,left_images/camera_left_7.png,right_images/camera_right_7.png
2025-05-15 15:25:43,0.4022359848022461,8,-0.06083221,0.0459056,0.1134739,-0.11001902,-0.30510092,0.005253277,5.4162786e-07,0.035760734,0.00019620825,0.003944998,0.8290285907566911,0.05426419181366639,0.5565671506608925,0.10834311729487585,0.9608359370380027,-0.2550609163143819,-0.548610394216883,0.2717530120957502,0.7906813111324205,0.0022092536,-0.0071771545,0.10697141,-0.06385633,0.044762094,-0.051207963,1.0363734,-0.04526458,-6.399528e-05,0.0048791654,0.8875025951258947,-0.03625745724986955,-0.4593740746260895,0.06180862608199174,0.9972577746272836,0.040701654601435086,0.4566386288813712,-0.06451610449501638,0.8873098866090299,left_images/camera_left_8.png,right_images/camera_right_8.png
2025-05-15 15:25:43,0.4472990036010742,9,-0.061688535,0.04910679,0.112813324,-0.1373806,-0.32287395,0.020128295,7.053137e-07,0.03604502,0.00017256383,0.0046536727,0.8331445907996698,0.04140395268847073,0.5515032216796392,0.13137420703278885,0.9538350349299054,-0.2700732194549691,-0.5372251935154906,0.29746334033295063,0.789243088414594,0.0022092275,-0.0071771354,0.10697141,-0.06385633,0.044762094,-0.051207963,1.0412068,-0.04526458,-6.399528e-05,0.0048791654,0.8875025951258947,-0.03625745724986955,-0.4593740746260895,0.06180862608199174,0.9972577746272836,0.040701654601435086,0.4566386288813712,-0.06451610449501638,0.8873098866090299,left_images/camera_left_9.png,right_images/camera_right_9.png
2025-05-15 15:25:43,0.4949204921722412,10,-0.06204116,0.051796034,0.112056874,-0.16939467,-0.33544585,0.037712015,9.72523e-07,0.03641565,0.00012590014,0.0053958325,0.8376670223131821,0.02247774848156167,0.5457185268544272,0.15786555846273204,0.9465433575565797,-0.28130790553549373,-0.5228694150361218,0.32179251558840855,0.7893396934977154,0.0022092345,-0.0071771354,0.10697136,-0.063856326,0.04476209,-0.051207963,1.0345283,-0.04526461,-6.399528e-05,0.004879225,0.8875025951258947,-0.03625745724986955,-0.4593740746260895,0.06180862608199174,0.9972577746272836,0.040701654601435086,0.4566386288813712,-0.06451610449501638,0.8873098866090299,left_images/camera_left_10.png,right_images/camera_right_10.png
2025-05-15 15:25:43,0.539304256439209,11,-0.06193734,0.053830713,0.11121928,-0.20232926,-0.34328455,0.05660671,1.2608401e-06,0.036870327,8.212752e-05,0.0061557298,0.842184468416034,0.0006766254503873526,0.5391890793931218,0.18457796403927995,0.9392191355694032,-0.2894795166697937,-0.5066125702644146,0.34331757537047675,0.7908708782676351,0.0022092373,-0.0071771354,0.10697127,-0.06385631,0.044762086,-0.051207963,1.0078635,-0.04526464,-6.399528e-05,0.0048792847,0.8875025951258947,-0.03625745724986955,-0.4593740746260895,0.06180862608199174,0.9972577746272836,0.040701654601435086,0.4566386288813712,-0.06451610449501638,0.8873098866090299,left_images/camera_left_11.png,right_images/camera_right_11.png
2025-05-15 15:25:43,0.5899593830108643,12,-0.0626224,0.054082863,0.11006285,-0.2451031,-0.34530368,0.082233675,1.8287545e-06,0.037426174,0.00016695727,0.007203804,0.8472036523124591,-0.03045523465854051,0.5303946174220883,0.2187281315017442,0.9298118138548405,-0.29598647824812435,-0.4841528436332744,0.36677304903422897,0.7944013812324029,0.0022092373,-0.0071771354,0.10697127,-0.06385631,0.044762086,-0.051207963,0.9811962,-0.04526464,-6.399528e-05,0.0048792847,0.8875025951258947,-0.03625745724986955,-0.4593740746260895,0.06180862608199174,0.9972577746272836,0.040701654601435086,0.4566386288813712,-0.06451610449501638,0.8873098866090299,left_images/camera_left_12.png,right_images/camera_right_12.png
2025-05-15 15:25:43,0.6344876289367676,13,-0.065707795,0.052291267,0.10868821,-0.2902885,-0.34347737,0.10877871,1.7063953e-06,0.037882283,0.0004315048,0.008566592,0.849932473253077,-0.06326838527729865,0.5230792505293163,0.25450749735817424,0.9185631087889861,-0.3024363552227024,-0.4613466426651296,0.3901780703682832,0.796818893290876,0.0025532728,-0.0060735447,0.10696971,-0.12477655,0.035412926,-0.06070661,0.95453006,-0.04528083,-4.9743365e-05,0.004870209,0.8866615320565976,-0.0927789550704617,-0.45301588610895344,0.12245797169920254,0.9918002228890926,0.03655629965496272,0.44590960153192977,-0.08788847121880872,0.890752627775218,left_images/camera_left_13.png,right_images/camera_right_13.png
2025-05-15 15:25:43,0.681739091873169,14,-0.07055586,0.048410725,0.10718227,-0.3365984,-0.33602786,0.1332928,1.181234e-06,0.03825238,0.0008331535,0.010120258,0.8494970606046521,-0.09805288702571326,0.518401750932594,0.29172245783595985,0.9060069249265355,-0.3066748434079821,-0.43960522246465994,0.41174881096499405,0.7982544488136041,0.0024043983,-0.0049639414,0.1069745,-0.24144556,0.022935499,-0.07489805,0.92786366,-0.045377344,-3.0904223e-05,0.004812504,0.874620701650425,-0.19760797536343627,-0.4427072580354677,0.23713834802721445,0.9708398426569742,0.03514831154843337,0.4228522580517246,-0.13572430873850708,0.8959770532095186,left_images/camera_left_14.png,right_images/camera_right_14.png
2025-05-15 15:25:43,0.7247858047485352,15,-0.076251015,0.04245895,0.10559182,-0.3781571,-0.32451797,0.15484144,7.735059e-07,0.038630128,0.0013877992,0.011757539,0.8476241152432459,-0.13003021824881283,0.5144176334460852,0.3250075294155221,0.8935793139088423,-0.3096548329631257,-0.41940847044536816,0.42966050795525623,0.7996801753340569,0.002696127,-0.004249825,0.106896445,-0.3581037,0.014403946,-0.08639471,0.9011972,-0.04546457,-6.3133775e-05,0.004858846,0.8496963970240964,-0.2977628009012469,-0.43514750060607466,0.34839118344373315,0.9365187295322606,0.039449366711721015,0.3957772305008771,-0.18512153746856458,0.899494524820652,left_images/camera_left_15.png,right_images/camera_right_15.png
2025-05-15 15:25:43,0.7717463970184326,16,-0.08368504,0.033869088,0.10384045,-0.41618907,-0.30651003,0.1729389,5.424375e-07,0.038991936,0.0021056787,0.013579256,0.843840478589602,-0.16119964967688452,0.5118084794507821,0.35611194017412706,0.8817247330334261,-0.30942815195543016,-0.4013944852126034,0.443369110449954,0.8014401407090401,0.0029418634,-0.0048450907,0.10675693,-0.46516758,0.016317807,-0.094390295,0.8745307,-0.04550582,-0.0001306216,0.0050035277,0.8160466521875391,-0.38169094172067924,-0.43402751809290935,0.44565254592537623,0.893696060122349,0.05197268928987099,0.3680511781855074,-0.2358376075399597,0.8993992178705117,left_images/camera_left_16.png,right_images/camera_right_16.png
2025-05-15 15:25:43,0.8156330585479736,17,-0.09160335,0.024490388,0.1021993,-0.4499756,-0.28625134,0.1878031,2.7887484e-07,0.03929787,0.002841031,0.015311057,0.8390488902733243,-0.1899571118459872,0.5098168841753221,0.38409898858438496,0.8704726483159089,-0.30780730254875444,-0.38531146712699227,0.45408552519654155,0.8033314441171997,0.0019466674,-0.007537596,0.106589615,-0.5566509,0.03415137,-0.09788918,0.84786344,-0.045508504,-0.0001884274,0.005206179,0.7794175218388203,-0.442800716438113,-0.4432108439247922,0.5237042069896487,0.8487676842621499,0.07298850411956043,0.3438636797220314,-0.2889999025504365,0.8934410031411492,left_images/camera_left_17.png,right_images/camera_right_17.png
2025-05-15 15:25:43,0.8574676513671875,18,-0.098975286,0.015427552,0.100842275,-0.47882268,-0.26280585,0.19895557,1.384411e-07,0.039534207,0.0034599504,0.016739123,0.8335687404731357,-0.2175851024982663,0.5077596656656073,0.40896986520898576,0.8609701947598519,-0.3024466450237575,-0.3713580539815641,0.4597684709786022,0.8066635908710794,-0.000114304574,-0.011139596,0.10645452,-0.6391102,0.060165502,-0.09734323,0.8211967,-0.04545682,-0.00020883989,0.0054129874,0.7400193447926393,-0.49000374364409854,-0.4607251898338547,0.5900112862126436,0.8017946573285166,0.09493160496456694,0.32289015388267084,-0.3420842859504295,0.8824512960109526,left_images/camera_left_18.png,right_images/camera_right_18.png
2025-05-15 15:25:43,0.9032115936279297,19,-0.10491528,0.007117835,0.09979119,-0.5021317,-0.23514871,0.20589282,9.366558e-08,0.03975495,0.0039071892,0.017785566,0.8276385683026655,-0.2451025283608006,0.5049149936861221,0.43078151176862,0.8540723566449829,-0.2915264974804639,-0.35978005694626286,0.4587866172917727,0.8124488601861141,-0.0010213857,-0.012394398,0.10641578,-0.71433055,0.07288607,-0.09436926,0.79452986,-0.045324024,-0.00023168843,0.0055466695,0.6985176883669639,-0.5344119338248858,-0.47589591721721985,0.6481271340910955,0.7543711104964828,0.10418947021252406,0.30332203529143104,-0.3812192448366809,0.8733084393688261,left_images/camera_left_19.png,right_images/camera_right_19.png
2025-05-15 15:25:43,0.9526588916778564,20,-0.109676875,-0.00039429837,0.09896727,-0.52156425,-0.20568255,0.21052414,4.7333696e-08,0.03997457,0.004229776,0.01855241,0.8217221880834765,-0.27200743882987755,0.5007839842012859,0.4501507616673396,0.8486851104475251,-0.2776650411466767,-0.34948095424732,0.45359181708434965,0.8198277417192591,0.0004764161,-0.011411594,0.10645258,-0.7806139,0.074154824,-0.08987479,0.76786304,-0.045033272,-0.0003083701,0.005670812,0.6574500678269604,-0.574486399070769,-0.487570287852968,0.6971270214482895,0.709328527140048,0.10424469555793281,0.2859603543866897,-0.4084341046827885,0.8668380805265812,left_images/camera_left_20.png,right_images/camera_right_20.png
2025-05-15 15:25:43,0.9978241920471191,21,-0.113681614,-0.007194697,0.09830869,-0.53843665,-0.17590933,0.21410957,3.6106844e-08,0.04018573,0.0044694524,0.019130984,0.815982544031439,-0.2979475714015393,0.49537837309667193,0.4676450167346137,0.843981882585644,-0.26268368847432316,-0.33982440489061955,0.446006531973599,0.8280081806827874,0.003963323,-0.0092207575,0.106530555,-0.8382123,0.068500325,-0.08179468,0.741196,-0.044605743,-0.0003985868,0.005816971,0.6170791618928775,-0.6094164306128496,-0.49782017039959103,0.7379434162714646,0.6678270778051612,0.09719315064251749,0.27322668672584627,-0.42733898517372976,0.8618170161997866,left_images/camera_left_21.png,right_images/camera_right_21.png
2025-05-15 15:25:43,1.0397229194641113,22,-0.11677692,-0.015006905,0.097800605,-0.56446797,-0.13644788,0.22092126,1.9771768e-07,0.04046679,0.0046817875,0.01946849,0.8078873685253529,-0.33613064622712396,0.48408076644720827,0.49346813143574153,0.834885246353091,-0.2438356591625927,-0.3221912522625316,0.43587018031619734,0.8403630066088269,0.008809766,-0.006589108,0.106649585,-0.8964379,0.063973546,-0.065739594,0.7145285,-0.043987833,-0.00049026316,0.0060279584,0.5702624163048619,-0.6411597521404812,-0.5135318381418009,0.7772131007235547,0.6235269434642401,0.0845810075479109,0.26597099957291936,-0.4473570419802272,0.8538917404313517,left_images/camera_left_22.png,right_images/camera_right_22.png
2025-05-15 15:25:43,1.0809216499328613,23,-0.11909045,-0.023296194,0.09747946,-0.60121554,-0.094134375,0.22761828,1.7744014e-07,0.040738463,0.0049222778,0.019607292,0.7946998772919731,-0.3829187630713926,0.4709833605553361,0.5281859593589715,0.8185855910722054,-0.2256927611267386,-0.2991181996605453,0.4281248077101383,0.8527821830074731,0.013652284,-0.0049568773,0.10679755,-0.9471258,0.06856104,-0.04774199,0.68786216,-0.043261368,-0.00055317447,0.0062873727,0.5257117851779971,-0.6620667921390765,-0.5341298359684061,0.8091319639106763,0.5829789266803252,0.07376337861505647,0.262550155023789,-0.47095980061288567,0.8421782960297989,left_images/camera_left_23.png,right_images/camera_right_23.png
2025-05-15 15:25:43,1.1283879280090332,24,-0.12075504,-0.03212344,0.09736739,-0.6451629,-0.05090485,0.23223057,1.3656346e-07,0.040972613,0.005232169,0.019546987,0.7763247909615806,-0.4341048141860845,0.4570260706337478,0.5681499558340523,0.7959212172460921,-0.20908142821222425,-0.27299349190818223,0.42197443789637795,0.8645300036076325,0.018608527,-0.0044836504,0.10697127,-0.9868172,0.08052875,-0.030819856,0.6611962,-0.04244522,-0.0005632879,0.0065917787,0.48768747698926,-0.6719638615377578,-0.5573378630374171,0.8326417643962841,0.5499165414870433,0.06557049322653682,0.2624283082498768,-0.49604069005092066,0.8276925859538151,left_images/camera_left_24.png,right_images/camera_right_24.png
2025-05-15 15:25:43,1.1714963912963867,25,-0.12195782,-0.04107434,0.097421475,-0.69400007,-0.008679208,0.23546247,1.4594683e-07,0.041181084,0.005612015,0.01933767,0.7536115927861219,-0.4865941959072083,0.4419226807121147,0.6103086607489111,0.7676603792660387,-0.19550161308795358,-0.2441165824626316,0.41704152145144824,0.8754904131697995,0.0253179,-0.0050705695,0.10712515,-1.0305387,0.097118765,-0.027266974,0.6345303,-0.0414774,-0.00057818636,0.0070388666,0.45240739970745725,-0.6787995213433498,-0.5784105414962422,0.8560243733570094,0.5124179864659824,0.06819149041403585,0.25009961397146574,-0.5259838561877992,0.812890623713385,left_images/camera_left_25.png,right_images/camera_right_25.png
2025-05-15 15:25:43,1.220472812652588,26,-0.12328613,-0.048839662,0.097558506,-0.7489906,0.033688135,0.23808618,1.8017077e-07,0.04137838,0.005930718,0.019063685,0.7251014749241672,-0.541682495820981,0.42521515116932324,0.6552067649928098,0.7327326154928916,-0.18386682490488426,-0.2119715692503465,0.411925949551736,0.8862195359590345,0.032567047,-0.0062231813,0.10721355,-1.079608,0.11646841,-0.033282436,0.6078646,-0.04049046,-0.000597582,0.0076022195,0.4177733675740237,-0.6838842375726921,-0.5981369098671953,0.87964952839899,0.46919242150892615,0.0779434332450441,0.22733701971587064,-0.5587135412697706,0.7975945450343163,left_images/camera_left_26.png,right_images/camera_right_26.png
2025-05-15 15:25:44,1.2634074687957764,27,-0.12530555,-0.05561828,0.097748965,-0.8204913,0.08449541,0.23955955,3.0897505e-07,0.041624047,0.006140645,0.018725658,0.683037815106308,-0.6087426607117002,0.4035984590709443,0.7099828173013675,0.6830705394916627,-0.17128641865419997,-0.17141686694025776,0.40354307218462876,0.8987598381214958,0.04102585,-0.0071569695,0.10722074,-1.1282319,0.13356587,-0.043384742,0.58119833,-0.039474364,-0.000627473,0.008299158,0.38536959470278187,-0.6868516049286015,-0.6162184257920384,0.900617033355364,0.4253864332675954,0.08908053447334346,0.20094585019053407,-0.5893057400016377,0.782521252166563,left_images/camera_left_27.png,right_images/camera_right_27.png
2025-05-15 15:25:44,1.309328317642212,28,-0.12757212,-0.06101859,0.09802143,-0.8908265,0.13562757,0.23819707,4.4235287e-07,0.04186779,0.0062857596,0.018326465,0.6363368052158256,-0.6714943437853509,0.3796983231356145,0.7599963807286207,0.6300812471675697,-0.15938357270169795,-0.13221562542723148,0.38999098480867606,0.9112771588056211,0.0492133,-0.0075946143,0.10717845,-1.1732241,0.14755581,-0.04967152,0.55453116,-0.038539384,-0.0006390036,0.00901347,0.3534376902160491,-0.6881849603161403,-0.6336270666010226,0.9183865681785255,0.3840795143283259,0.09512643198705717,0.17789859618337361,-0.6155358536007387,0.7677680003803201,left_images/camera_left_28.png,right_images/camera_right_28.png
2025-05-15 15:25:44,1.353550910949707,29,-0.1287621,-0.06420614,0.09838614,-0.9541172,0.18339564,0.23463379,6.136374e-07,0.042155646,0.0063065826,0.017807115,0.5898148200495406,-0.7256682179714768,0.3542938264717992,0.8016182631403972,0.5791604015269152,-0.14826122049597223,-0.09760449912632604,0.3714550669048461,0.9233062845128994,0.056286417,-0.0076922616,0.107106045,-1.2172832,0.16359961,-0.050380707,0.5278635,-0.03768319,-0.0006330005,0.0097322855,0.31892671715339604,-0.6863906815843406,-0.6535698748565005,0.9344868712089671,0.34281611523874045,0.09597603175112968,0.15817723168595707,-0.6413617882028854,0.7507562986811127,left_images/camera_left_29.png,right_images/camera_right_29.png
2025-05-15 15:25:44,1.4080533981323242,30,-0.13024092,-0.066820905,0.0988071,-1.0130786,0.22728105,0.232402,1.0986557e-06,0.04239525,0.006389823,0.01728955,0.5446651480349627,-0.7718889621503899,0.3279135657859342,0.8362344761910963,0.5295354784567707,-0.14249237833990275,-0.06365357291979223,0.35182326126331226,0.933899681704942,0.061166596,-0.007142907,0.107026294,-1.2701952,0.18304679,-0.047059756,0.5011958,-0.03697086,-0.0006269691,0.010387087,0.2751972205016032,-0.6836834481040064,-0.6759019400895431,0.9518717803961638,0.2924408353159905,0.09175222899266805,0.13493184766254884,-0.6686219414798635,0.7312578860142764,left_images/camera_left_30.png,right_images/camera_right_30.png
2025-05-15 15:25:44,1.4612524509429932,31,-0.13294415,-0.06937292,0.09933507,-1.0806754,0.2729085,0.23131116,2.1771868e-06,0.042548396,0.006594576,0.01676014,0.4917466748375633,-0.8178701800088112,0.2987868411402252,0.870426650737168,0.47090434447328916,-0.14354979638668175,-0.023294923753378938,0.3306621644647845,0.9434616470841768,0.063664526,-0.0062161777,0.10693371,-1.3265688,0.21214335,-0.04300697,0.4745288,-0.036362838,-0.000644963,0.011037576,0.22835540728790882,-0.6736593584654965,-0.7028775687943308,0.967480769460272,0.23769029586894075,0.08651175627795288,0.10878772305243711,-0.6997759584335486,0.7060303388038471,left_images/camera_left_31.png,right_images/camera_right_31.png
2025-05-15 15:25:44,1.5119514465332031,32,-0.13475423,-0.07068885,0.099945076,-1.1398339,0.31181434,0.2269944,2.3356301e-06,0.042636976,0.0067531373,0.016166152,0.44256554100005524,-0.854004235156029,0.2735187530223372,0.8966875167886689,0.4182762492941268,-0.1449016097626528,0.009340190292441847,0.30938931075912013,0.9508895915053952,0.06371045,-0.0060307314,0.10682719,-1.3848926,0.24904287,-0.04854887,0.44786382,-0.03591414,-0.0006238878,0.011653961,0.18624137430574583,-0.6567292442647764,-0.7307673023775235,0.9796664717612965,0.1806159241252534,0.08735841149628132,0.07461738807731078,-0.7321779754129433,0.6770137795619255,left_images/camera_left_32.png,right_images/camera_right_32.png
2025-05-15 15:25:44,1.5648109912872314,33,-0.13646074,-0.07127035,0.10055333,-1.1906582,0.3453536,0.22273642,2.5416186e-06,0.042666547,0.0068931924,0.015609589,0.3989049570300545,-0.8819955480929031,0.2509156997900884,0.9162497939563492,0.3723611660898197,-0.14776155475351918,0.03689377090780922,0.28884427488272824,0.9566649541692603,0.061584286,-0.0070365057,0.10673809,-1.4146327,0.29358053,-0.053669836,0.42119825,-0.035600364,-0.0005554971,0.012222402,0.1667741120845176,-0.6288244710966228,-0.7594512361491509,0.9843313941836401,0.15090790440606577,0.09120587049231482,0.0572547112726276,-0.7627624721614339,0.6441392000951858,left_images/camera_left_33.png,right_images/camera_right_33.png
2025-05-15 15:25:44,1.6090500354766846,34,-0.13785122,-0.07144395,0.10105768,-1.2306243,0.37144095,0.21833746,2.3828113e-06,0.042670432,0.007007314,0.015165003,0.3637279797675561,-0.9018520302695565,0.2331627591037887,0.9297257501288374,0.33601209697893664,-0.15068477106591974,0.05754985909264433,0.271585688471423,0.960692056559187,0.05770771,-0.006787755,0.10672901,-1.4505459,0.34269348,-0.052810773,0.3945291,-0.03535215,-0.00049281196,0.012709586,0.1384391636118399,-0.5972159569037094,-0.7900428461786366,0.9895813196237093,0.11526403921257528,0.08627289908308433,0.03953997762078765,-0.7937551902721572,0.6069508119162202,left_images/camera_left_34.png,right_images/camera_right_34.png
2025-05-15 15:25:44,1.6522777080535889,35,-0.13848452,-0.07218455,0.10152068,-1.2613921,0.3916354,0.2135432,2.0526495e-06,0.042670336,0.0071729943,0.014748321,0.336415843435791,-0.9158941430300981,0.21900296584418097,0.9388950513248918,0.30823375817320275,-0.1531927965671115,0.07280427791698926,0.2571572847219882,0.9636231981596335,0.053174328,-0.005926175,0.106806226,-1.4978933,0.39032352,-0.06279587,0.36786482,-0.03516203,-0.00045061298,0.01308907,0.10933115174792524,-0.5656910920582391,-0.8173373156925046,0.9939651753228945,0.06961379895480596,0.08477705609660702,0.008940330128106577,-0.8216736014750848,0.5698882023135448,left_images/camera_left_35.png,right_images/camera_right_35.png
2025-05-15 15:25:44,1.6983528137207031,36,-0.13946429,-0.072773665,0.101926334,-1.2861384,0.40803933,0.21025504,2.0353093e-06,0.04261715,0.0073265135,0.014418663,0.31448116407824883,-0.9263139175037889,0.20747077789118495,0.9454044640623738,0.2859425368757957,-0.15635621169614655,0.08551021442450908,0.24531488304588872,0.9656648545873752,0.048433054,-0.004757097,0.10699577,-1.5492449,0.43603897,-0.08157573,0.34120065,-0.034983147,-0.0004110935,0.013354865,0.08441404285994675,-0.5332008572034597,-0.84176666318258,0.9960415208657023,0.021542750131292532,0.08623919426988907,-0.02784884341544641,-0.84571434645173,0.532908703368734,left_images/camera_left_36.png,right_images/camera_right_36.png
2025-05-15 15:25:44,1.742649793624878,37,-0.14066759,-0.073237985,0.102272905,-1.305287,0.420425,0.20813325,1.8715698e-06,0.042515323,0.007463125,0.014169022,0.2976572330818026,-0.9337025509199758,0.19899677886743644,0.9498703642693763,0.26877287040800935,-0.1597104730924105,0.09563714067687103,0.23656012034611695,0.9668985710947053,0.044023342,-0.0035452412,0.10730358,-1.5975056,0.47872663,-0.10236446,0.3145346,-0.034775514,-0.00034153135,0.013511442,0.06415219200556777,-0.5002524288661638,-0.8634998573679005,0.995982886130043,-0.022070891097208056,0.08678114024512934,-0.06247068750182283,-0.8655982804856297,0.49682696185228375,left_images/camera_left_37.png,right_images/camera_right_37.png
2025-05-15 15:25:44,1.7859127521514893,38,-0.14198792,-0.0736249,0.10257183,-1.3206155,0.4302366,0.20621406,1.6090158e-06,0.04238803,0.007579623,0.013975445,0.2841927177232238,-0.9392122520052549,0.19265213436737594,0.9531685628267964,0.2550874336085938,-0.1624810513680925,0.10346105562861573,0.22980588960729154,0.9677215834474365,0.039720062,-0.0023938867,0.10774972,-1.6447283,0.5216669,-0.122748345,0.28786695,-0.03451577,-0.00020246411,0.013573808,0.044898404706826434,-0.46466659885415795,-0.8843466996399609,0.9945228381157837,-0.06284690379547947,0.083514017682355,-0.09438462650722829,-0.8832526357688558,0.459299818948865,left_images/camera_left_38.png,right_images/camera_right_38.png
2025-05-15 15:25:44,1.83017897605896,39,-0.14311658,-0.07402711,0.10282176,-1.3330396,0.43835607,0.20418075,1.2845423e-06,0.042277146,0.007682374,0.013817204,0.27321209719346484,-0.9435050719412951,0.1874922109534156,0.9557103129915102,0.24406257224558803,-0.16447266785255418,0.10942096503329787,0.2241241621287596,0.9683983748237412,0.03629487,-0.0010271105,0.108247526,-1.6840605,0.5609098,-0.13741334,0.2615507,-0.0342196,-5.3924043e-05,0.013589936,0.027568974576197558,-0.4301314105758786,-0.9023452339746811,0.9925808187427891,-0.09515764289261708,0.07568580621896959,-0.11841988812995569,-0.8977371511946725,0.4243167890387589,left_images/camera_left_39.png,right_images/camera_right_39.png
2025-05-15 15:25:44,1.882934808731079,40,-0.14372529,-0.07444538,0.10303832,-1.3420758,0.44450092,0.20181203,9.237408e-07,0.04219583,0.007765859,0.013662329,0.2650709096441229,-0.9466060034407794,0.1835060955671839,0.9575768118168048,0.23611459164640197,-0.16521667313687366,0.11306662784040633,0.21951531577894068,0.9690350684094311,0.03443092,0.00094941515,0.10875765,-1.7152352,0.59555966,-0.14269304,0.25870547,-0.03384824,6.627035e-05,0.013614142,0.008970498566753249,-0.39777534682384746,-0.9174389917670993,0.9908996632571072,-0.11968898251885152,0.06158250417572869,-0.13430334140450656,-0.9096424137664041,0.39308178737358795,left_images/camera_left_40.png,right_images/camera_right_40.png
2025-05-15 15:25:44,1.9386863708496094,41,-0.14373748,-0.074768044,0.10328063,-1.3495868,0.45174912,0.19756536,5.523896e-07,0.04216415,0.007809572,0.01344603,0.25742999869312977,-0.9497080235486128,0.17828198389137015,0.9595380385887537,0.22945701599035973,-0.16320609766196667,0.11409008841307308,0.21308249064666798,0.9703500934743656,0.03506367,0.0037231662,0.10927084,-1.7383811,0.6229225,-0.13996047,0.25481212,-0.03333534,9.81747e-05,0.013670756,-0.009973293599208732,-0.36989750062624455,-0.9290190377194869,0.9894959501402176,-0.13764358624056627,0.0441815326006651,-0.14421615052029307,-0.918819940030305,0.36738483873428285,left_images/camera_left_41.png,right_images/camera_right_41.png
2025-05-15 15:25:44,1.9955193996429443,42,-0.14355865,-0.074757345,0.10352797,-1.3562608,0.46006912,0.191958,7.977685e-07,0.042160355,0.0077973073,0.013207407,0.24981158121910696,-0.9528732318659746,0.17212430938743778,0.961666387343768,0.22338702947880795,-0.1590471455695462,0.11310142944276058,0.20525798170577209,0.9721508255430725,0.038077783,0.006807196,0.10982728,-1.7538815,0.64363706,-0.12906948,0.25349128,-0.032653715,8.345171e-05,0.01372989,-0.0300784490714735,-0.3464362512755609,-0.937591174608417,0.9884467846237673,-0.14971809090718247,0.023610320244423777,-0.14855383155068858,-0.926048820018278,0.34693708662286965,left_images/camera_left_42.png,right_images/camera_right_42.png
2025-05-15 15:25:44,2.053563356399536,43,-0.14301893,-0.07431064,0.10378287,-1.3590089,0.46829203,0.18621767,1.5626664e-06,0.04217893,0.0077077486,0.012939029,0.24494671739123258,-0.9553079340167275,0.1654927697633678,0.9633554704486392,0.22056967007583445,-0.15262784214984615,0.10930390293095865,0.19681405398834956,0.9743289408391451,0.04341464,0.009831192,0.11049049,-1.771877,0.65939564,-0.11897015,0.2578296,-0.031759687,8.615235e-05,0.013774307,-0.051554094514918436,-0.3248520338079306,-0.9443586879303847,0.9864781804383238,-0.1638733072655042,0.0025176745141398116,-0.15557305312244907,-0.9314594437208292,0.32890778319377434,left_images/camera_left_43.png,right_images/camera_right_43.png
2025-05-15 15:25:44,2.102536916732788,44,-0.14160675,-0.073770225,0.10405814,-1.351045,0.47319633,0.18389352,2.1294168e-06,0.042206228,0.0075638616,0.0126153715,0.24931254681021275,-0.9551510360830336,0.15978032504821538,0.9630069424185325,0.22709536207903658,-0.1450700705724695,0.10227845744200244,0.19003735104368075,0.9764348018949273,0.050811224,0.0121460045,0.11125624,-1.7899848,0.6696395,-0.11063186,0.25437725,-0.030672356,0.00013667077,0.01378666,-0.07170786108307325,-0.30618002951669016,-0.9492690725943037,0.9838838888991746,-0.17800737239414377,-0.01690764732212846,-0.16380010935139067,-0.9351829579812131,0.31401012607554724,left_images/camera_left_44.png,right_images/camera_right_44.png
2025-05-15 15:25:44,2.1463050842285156,45,-0.13974136,-0.0733039,0.10433213,-1.3346525,0.47520798,0.1851798,2.235486e-06,0.04222783,0.007399399,0.012278151,0.2612005491950058,-0.9527358524637004,0.1551408022748812,0.9607237073469008,0.24098172202889678,-0.1376145624184239,0.09372422974799072,0.18499244600321907,0.9782604784411421,0.059482638,0.013714806,0.11205078,-1.8041931,0.67395425,-0.10079197,0.25373706,-0.029491538,0.00021875973,0.013772528,-0.09035205794005136,-0.29216366032051616,-0.9520908051305378,0.9813018319041704,-0.1892574460093584,-0.03504759380519645,-0.1699506408564465,-0.9374550734398597,0.30380053481577396,left_images/camera_left_45.png,right_images/camera_right_45.png
2025-05-15 15:25:44,2.197955369949341,46,-0.13779022,-0.073332794,0.10456822,-1.3081727,0.4739489,0.19146392,2.0296904e-06,0.042230804,0.007256862,0.011982507,0.28235602721458397,-0.9472240391276165,0.15179490635183054,0.9555993117143509,0.26381705622814877,-0.13126506120888767,0.08429133613044892,0.18211858922657428,0.9796569757376641,0.068417214,0.015134165,0.11280823,-1.8167264,0.6746663,-0.091520585,0.25307724,-0.028323822,0.00027935926,0.013759958,-0.10710185890375817,-0.28140890696438087,-0.9535922707847793,0.9785583023884348,-0.19955168350497116,-0.05101739347513151,-0.17593419407842248,-0.9386096913474973,0.29674737852680644,left_images/camera_left_46.png,right_images/camera_right_46.png
2025-05-15 15:25:44,2.2447149753570557,47,-0.1358299,-0.0736233,0.10473586,-1.2841933,0.47085065,0.1978995,1.5414371e-06,0.042247523,0.007169555,0.0117498115,0.30204211110421286,-0.9413990787725611,0.15012773762993753,0.9501972583272446,0.28461945864294846,-0.12695248729025446,0.07678367917140738,0.1809959619659178,0.9804818857913358,0.07825154,0.017226417,0.11353029,-1.8332636,0.67032266,-0.08316894,0.253651,-0.027127473,0.0002791289,0.013762118,-0.1256465253508896,-0.27393254065276035,-0.9535061163090524,0.9745388656443248,-0.2139930537368422,-0.06694006499140592,-0.18570662351117395,-0.9376395555456823,0.2938453910820693,left_images/camera_left_47.png,right_images/camera_right_47.png
2025-05-15 15:25:45,2.3054308891296387,48,-0.13398811,-0.07365234,0.10487676,-1.2639884,0.4674976,0.20255826,1.3322904e-06,0.042262685,0.0070724622,0.011544757,0.3184598590111498,-0.9360847496925517,0.14942777382947192,0.9453723345996838,0.3020414214706806,-0.12264635620153838,0.06967400643096752,0.18032282470337455,0.9811366936970883,0.0882843,0.019185854,0.114171706,-1.8433814,0.66025347,-0.06806023,0.25718844,-0.025983838,0.00025532476,0.013757296,-0.1453851491639651,-0.27259060647790245,-0.9510822885863142,0.970868365876367,-0.2243685956306553,-0.08410320704515545,-0.1904672532041254,-0.9356030646351778,0.2972694584079212,left_images/camera_left_48.png,right_images/camera_right_48.png
2025-05-15 15:25:45,2.3592495918273926,49,-0.13229935,-0.07340712,0.10501286,-1.2489194,0.4646265,0.20527124,1.2604122e-06,0.042273115,0.0069708372,0.011348886,0.3304564713937981,-0.9319561303040926,0.14918542724603318,0.9416774275117263,0.3149133973352489,-0.1186304121786203,0.06357785014340754,0.179686736759821,0.9816672214165804,0.097709104,0.02088043,0.11474751,-1.8523738,0.64962083,-0.05511295,0.25430077,-0.024927009,0.00022178388,0.013769314,-0.1622357749061257,-0.2724746040297188,-0.9483866002319183,0.9672915275097773,-0.2338537920506821,-0.09828277952580439,-0.19500424136005473,-0.9333113061044338,0.30150182710760676,left_images/camera_left_49.png,right_images/camera_right_49.png
2025-05-15 15:25:45,2.414311647415161,50,-0.13095142,-0.073375724,0.105128184,-1.2373633,0.46248507,0.2077049,1.010037e-06,0.042281955,0.006913908,0.011188207,0.33976877015330154,-0.9286700443024368,0.14875863552689403,0.9386295139211859,0.3248270134901652,-0.11602606131011584,0.059429104188029554,0.17905127791325698,0.9820431871628856,0.10572967,0.02245356,0.11524508,-1.8607758,0.6409282,-0.04506819,0.2581234,-0.024020385,0.0001737575,0.0137892915,-0.1760085079511918,-0.2719145966284768,-0.9460885039303502,0.9639255407626681,-0.24255339836334253,-0.10961478371000594,-0.19967112208377308,-0.9312520072905972,0.30479688634079016,left_images/camera_left_50.png,right_images/camera_right_50.png
2025-05-15 15:25:45,2.466404676437378,51,-0.12994236,-0.073408596,0.10521395,-1.2288824,0.4607706,0.20982073,6.0651973e-07,0.042288654,0.006882367,0.011069298,0.3467003088873292,-0.926157058520882,0.14843179837682252,0.9362560735135432,0.33212537405396053,-0.11453078502533429,0.05677552841174686,0.17867803127822948,0.9822681408414419,0.11219406,0.023963675,0.11564935,-1.8687042,0.6341256,-0.037636157,0.2571755,-0.023287091,0.00011069118,0.013811596,-0.18713191321475667,-0.2710892410055629,-0.9441886837214333,0.9608168068003613,-0.25058599602847653,-0.11848089451204119,-0.20448156598222217,-0.9293639125796977,0.30735973576253284,left_images/camera_left_51.png,right_images/camera_right_51.png
2025-05-15 15:25:45,2.515009641647339,52,-0.12913479,-0.07340264,0.10528544,-1.2223488,0.45977858,0.2110447,0.026667368,0.042297322,0.006849627,0.010970367,0.3518915822918101,-0.9242678593470386,0.14799067028096458,0.934461736181023,0.337700072978036,-0.11287127324601866,0.05434682995092213,0.17801006962717625,0.982526761562052,0.11701436,0.02501322,0.11596269,-1.8745813,0.6290908,-0.032335293,0.25419647,-0.022732604,6.775197e-05,0.013823635,-0.1951445181497319,-0.2704224614160457,-0.9427567604625255,0.9584487753709239,-0.2565096387941681,-0.12481486368081812,-0.20807345343912748,-0.9279409989688849,0.30924252684024967,left_images/camera_left_52.png,right_images/camera_right_52.png
2025-05-15 15:25:45,2.564650058746338,53,-0.12869714,-0.07338741,0.10534283,-1.2191164,0.46078637,0.21138488,0.05333396,0.04231584,0.00682243,0.010896764,0.3541193523847481,-0.923657881345302,0.14647731051365853,0.933700096438671,0.3403198516233773,-0.11129478200463466,0.05294916597098845,0.17617751507996304,0.9829332983489909,0.12051167,0.025519894,0.11618985,-1.8784337,0.6248982,-0.027979884,0.25828755,-0.022332318,6.216008e-05,0.01382498,-0.2012325994714831,-0.2704739735968705,-0.9414612421744557,0.9567436204195403,-0.26043228405327246,-0.12967910475210115,-0.21011207889233896,-0.9268327006690664,0.31118171423466473,left_images/camera_left_53.png,right_images/camera_right_53.png
2025-05-15 15:25:45,2.6193838119506836,54,-0.1284454,-0.073327,0.10539101,-1.2175466,0.46260324,0.21110898,0.08000094,0.042336874,0.006792996,0.010837993,0.3548476891344878,-0.9236637864373801,0.14466626123625254,0.9334846202384112,0.34145073152796607,-0.10962600839840042,0.05186117328274829,0.1739442656806443,0.9833889419464499,0.12317844,0.025757706,0.116341665,-1.8812046,0.6217272,-0.024649186,0.25475004,-0.02203967,7.373432e-05,0.013845076,-0.2058205638130648,-0.2704930432370166,-0.9404634012400745,0.9554711454835721,-0.26320878153025984,-0.13340175213866756,-0.21145398000506543,-0.9260424671070616,0.3126220776821175,left_images/camera_left_54.png,right_images/camera_right_54.png
2025-05-15 15:25:45,2.67637038230896,55,-0.12827201,-0.07333675,0.10543056,-1.2166002,0.46524483,0.2100686,0.10666831,0.042368256,0.006763439,0.0107879955,0.3548887707169097,-0.9239901650284897,0.14246450557828222,0.9335467507078569,0.3420115671287103,-0.10732451813526067,0.05044229041035746,0.1710855425826141,0.9839640808776351,0.12525734,0.02590759,0.116424665,-1.8830471,0.61934793,-0.021876015,0.25856408,-0.021832008,8.6263986e-05,0.013891409,-0.20932805377004535,-0.2704731666037643,-0.9396946483045314,0.9545357368244611,-0.2650947293203053,-0.13633162366661966,-0.2122340524746859,-0.9255101569588127,0.313668067128686,left_images/camera_left_55.png,right_images/camera_right_55.png
