Epoch Time (Seconds),Time (Seconds),Frame Number,PSM1_joint_1,PSM1_joint_2,PSM1_joint_3,PSM1_joint_4,PSM1_joint_5,PSM1_joint_6,PSM1_jaw_angle,PSM1_ee_x,PSM1_ee_y,PSM1_ee_z,"PSM1_Orientation_Matrix_[1,1]","PSM1_Orientation_Matrix_[1,2]","PSM1_Orientation_Matrix_[1,3]","PSM1_Orientation_Matrix_[2,1]","PSM1_Orientation_Matrix_[2,2]","PSM1_Orientation_Matrix_[2,3]","PSM1_Orientation_Matrix_[3,1]","PSM1_Orientation_Matrix_[3,2]","PSM1_Orientation_Matrix_[3,3]",PSM2_joint_1,PSM2_joint_2,PSM2_joint_3,PSM2_joint_4,PSM2_joint_5,PSM2_joint_6,PSM2_jaw_angle,PSM2_ee_x,PSM2_ee_y,PSM2_ee_z,"PSM2_Orientation_Matrix_[1,1]","PSM2_Orientation_Matrix_[1,2]","PSM2_Orientation_Matrix_[1,3]","PSM2_Orientation_Matrix_[2,1]","PSM2_Orientation_Matrix_[2,2]","PSM2_Orientation_Matrix_[2,3]","PSM2_Orientation_Matrix_[3,1]","PSM2_Orientation_Matrix_[3,2]","PSM2_Orientation_Matrix_[3,3]",PSM3_joint_1,PSM3_joint_2,PSM3_joint_3,PSM3_joint_4,PSM3_joint_5,PSM3_joint_6,PSM3_jaw_angle,PSM3_ee_x,PSM3_ee_y,PSM3_ee_z,"PSM3_Orientation_Matrix_[1,1]","PSM3_Orientation_Matrix_[1,2]","PSM3_Orientation_Matrix_[1,3]","PSM3_Orientation_Matrix_[2,1]","PSM3_Orientation_Matrix_[2,2]","PSM3_Orientation_Matrix_[2,3]","PSM3_Orientation_Matrix_[3,1]","PSM3_Orientation_Matrix_[3,2]","PSM3_Orientation_Matrix_[3,3]",Camera Left,Camera Right
2025-05-30 16:04:39,0.0015106201171875,1,-0.01979421,-0.013605059,0.112858996,0.023885034,0.07763296,0.08660138,1.0471799,0.06088071,0.00012908684,0.001683658,0.8970188104514422,-0.012716874686243258,0.44180938739969533,-0.018258809847894318,0.9976665638448781,0.06578786551403076,-0.44161506944308193,-0.06707986645908104,0.8946934793305548,0.02255552,-0.009991862,0.11227836,-0.050235044,0.06904876,-0.093695745,1.047179,-0.060936335,-0.00015990422,0.0023217704,0.8981472154767404,-0.012128276975177477,-0.43952756936168513,0.0444768450015514,0.996998229866561,0.06337459981453178,0.43743958393141047,-0.07646851993178277,0.8959906114850518,0.0027197327,-0.0064675915,0.09171622,-0.00016586916,-0.012021652,-0.0062273038,4.3169073e-13,0.00019916201,-0.008734992,0.0019246545,0.9999938163188936,-0.00021565912874792404,0.003510101866820876,0.0011782479379545722,0.9609759519069928,-0.27662941200864055,-0.003313465824778869,0.2766318371908586,0.9609702636380788,left_images/camera_left_1.png,right_images/camera_right_1.png
2025-05-30 16:04:39,0.054639577865600586,2,-0.019743694,-0.013731726,0.11285669,0.024593638,0.07874766,0.0860031,1.0471802,0.06088135,0.000122872,0.0016872156,0.8967588072063337,-0.012620825286873995,0.4423396392671043,-0.01891923499203486,0.997585779916742,0.06681821798897208,-0.44211503508158356,-0.06828855304502968,0.8943550577247419,0.02255546,-0.009991718,0.11227836,-0.050235882,0.06904819,-0.09369593,1.047179,-0.06093641,-0.0001598761,0.0023217965,0.8981472013280377,-0.012129200629064748,-0.4395275727855003,0.04447773099240643,0.9969982085230764,0.06337431378360966,0.4374395228970292,-0.07646865170693273,0.8959906300368009,0.0027197327,-0.0064675915,0.09171622,-0.00016589164,-0.012021652,-0.0062273364,6.216439e-13,0.00019916201,-0.008734992,0.0019246545,0.9999938163188936,-0.00021565912874792404,0.003510101866820876,0.0011782479379545722,0.9609759519069928,-0.27662941200864055,-0.003313465824778869,0.2766318371908586,0.9609702636380788,left_images/camera_left_2.png,right_images/camera_right_2.png
2025-05-30 16:04:39,0.11424064636230469,3,-0.019657891,-0.013869771,0.11286362,0.025109123,0.07967935,0.08550903,1.0471802,0.06088172,0.00012154685,0.0016797371,0.8965641982418816,-0.01258677103605588,0.4427349225278909,-0.019397804583857443,0.9975211508567834,0.06764080699314967,-0.4424888287948275,-0.06923241139989239,0.894097595122332,0.02255546,-0.009991541,0.11227836,-0.050236523,0.06904774,-0.093696155,1.047179,-0.06093634,-0.00015988151,0.0023217043,0.8981473856609218,-0.01212988512794217,-0.43952717722256285,0.04447832902430147,0.9969981980310088,0.06337405912616974,0.4374390836192592,-0.07646867992651764,0.8959908420919481,0.0027197327,-0.0064675915,0.09171622,-0.00016591414,-0.012021652,-0.006227369,6.192512e-13,0.00019914132,-0.008734992,0.0019246545,0.999993815789883,-0.00021610827430784652,0.0035102249505144455,0.0011787136049179314,0.9609759515920718,-0.2766294111188278,-0.0033134598574631672,0.2766318379343303,0.960970263444633,left_images/camera_left_3.png,right_images/camera_right_3.png
2025-05-30 16:04:39,0.17683172225952148,4,-0.019709403,-0.013799119,0.11286094,0.02465825,0.078990735,0.08588242,1.0471799,0.060881644,0.00012612698,0.0016824063,0.8967182945978169,-0.012654810357728502,0.44242079054718114,-0.01897630473455382,0.997572761509557,0.06699615923930137,-0.4421947534652623,-0.06847219339999562,0.8943016039003785,0.02255546,-0.009991543,0.11227836,-0.050236974,0.06904752,-0.093696155,1.047179,-0.060936294,-0.00015988175,0.0023217043,0.8981473482138519,-0.012130289901757418,-0.43952724257243253,0.04447880771987958,0.9969981736571134,0.06337410660671354,0.43743911183185785,-0.0764689335042698,0.8959908066763161,0.0027197327,-0.0064675915,0.09171622,-0.0001659308,-0.012021652,-0.006227369,4.654767e-13,0.00019914132,-0.008734992,0.0019246545,0.999993815789883,-0.00021610827430784652,0.0035102249505144455,0.0011787136049179314,0.9609759515920718,-0.2766294111188278,-0.0033134598574631672,0.2766318379343303,0.960970263444633,left_images/camera_left_4.png,right_images/camera_right_4.png
2025-05-30 16:04:39,0.24447321891784668,5,-0.019723438,-0.013784003,0.11285724,0.024786603,0.07906741,0.08583387,1.04718,0.060881678,0.00012293953,0.0016867407,0.8966876678664976,-0.012593660899024826,0.44248460538339857,-0.01909961009058076,0.9975636348379926,0.06709693989445287,-0.44225154741451084,-0.06861628198884293,0.8942624752585216,0.022555355,-0.009991501,0.11227836,-0.050237287,0.069047295,-0.093696155,1.047179,-0.060936373,-0.00015995672,0.0023218514,0.8981474524278137,-0.01213068367264621,-0.43952701874977224,0.04447911372369569,0.9969981743142546,0.06337388150017277,0.4374388667457237,-0.07646886247145036,0.8959909323941508,0.0027197327,-0.0064675915,0.09171622,-0.00016594745,-0.012021652,-0.006227369,1.5902649e-13,0.00019914132,-0.008734992,0.0019246545,0.999993815789883,-0.00021610827430784652,0.0035102249505144455,0.0011787136049179314,0.9609759515920718,-0.2766294111188278,-0.0033134598574631672,0.2766318379343303,0.960970263444633,left_images/camera_left_5.png,right_images/camera_right_5.png
2025-05-30 16:04:39,0.3099029064178467,6,-0.019672625,-0.01380427,0.112863764,0.024907054,0.079232894,0.0857347,1.04718,0.060882255,0.00012226525,0.0016787751,0.8966630908992858,-0.01256247677607788,0.4425352930515141,-0.01921419528830344,0.9975511467465076,0.06724971616408729,-0.44229641205684894,-0.06880329790044856,0.8942259166897703,0.022555243,-0.009991557,0.11227836,-0.05023754,0.069047295,-0.093696155,1.047179,-0.060936395,-0.00015993966,0.0023218216,0.8981474817634357,-0.012131026497817273,-0.43952694934225367,0.04447948590884014,0.9969981579437108,0.06337387782148686,0.43743876866972375,-0.07646902152477635,0.8959909667020974,0.0027197327,-0.0064675915,0.09171622,-0.0001659641,-0.012021652,-0.006227369,1.5732863e-13,0.00019914132,-0.008734992,0.0019246545,0.999993815789883,-0.00021610827430784652,0.0035102249505144455,0.0011787136049179314,0.9609759515920718,-0.2766294111188278,-0.0033134598574631672,0.2766318379343303,0.960970263444633,left_images/camera_left_6.png,right_images/camera_right_6.png
2025-05-30 16:04:39,0.37018847465515137,7,-0.019732313,-0.01374011,0.11285977,0.02456951,0.0786036,0.08608141,1.0471799,0.060881604,0.00012649427,0.0016833944,0.896799073704801,-0.01256184515843281,0.4422596764893068,-0.0189029379857757,0.9975962571139934,0.06666623378935595,-0.4420340488443358,-0.06814622394796872,0.8944059435311891,0.022555232,-0.009991562,0.11227836,-0.050237764,0.069047295,-0.093696155,1.047179,-0.060936395,-0.00015993966,0.0023218216,0.8981474817634357,-0.012131026497817273,-0.43952694934225367,0.04447948590884014,0.9969981579437108,0.06337387782148686,0.43743876866972375,-0.07646902152477635,0.8959909667020974,0.0027197327,-0.0064675915,0.09171622,-0.00016598075,-0.012021652,-0.006227369,1.5847275e-13,0.00019914132,-0.008734992,0.0019246545,0.999993815789883,-0.00021610827430784652,0.0035102249505144455,0.0011787136049179314,0.9609759515920718,-0.2766294111188278,-0.0033134598574631672,0.2766318379343303,0.960970263444633,left_images/camera_left_7.png,right_images/camera_right_7.png
2025-05-30 16:04:39,0.42991161346435547,8,-0.01973502,-0.013735902,0.11285558,0.02475827,0.07875313,0.08598664,1.0471799,0.06088238,0.00012307585,0.0016878163,0.8967516314562192,-0.012480655005301763,0.44235816340523,-0.019083939561783583,0.9975816671042328,0.06683278168939402,-0.4421225109982659,-0.06837434246980842,0.8943448074207229,0.022555185,-0.009991587,0.11227836,-0.050237875,0.069047295,-0.093696155,1.047179,-0.060936328,-0.00015995157,0.0023217322,0.898147531843607,-0.012131498899525736,-0.43952683396772063,0.04448001204748566,0.9969981328205318,0.06337390378246467,0.4374386123463416,-0.0764692741355923,0.8959910214626501,0.0027197327,-0.0064675915,0.09171622,-0.0001659974,-0.012021652,-0.006227369,1.5777095e-13,0.00019914132,-0.008734992,0.0019246545,0.999993815789883,-0.00021610827430784652,0.0035102249505144455,0.0011787136049179314,0.9609759515920718,-0.2766294111188278,-0.0033134598574631672,0.2766318379343303,0.960970263444633,left_images/camera_left_8.png,right_images/camera_right_8.png
2025-05-30 16:04:39,0.4938938617706299,9,-0.01965113,-0.01385566,0.11286279,0.025267286,0.079659596,0.085503474,1.0471802,0.060882583,0.00012009585,0.0016802633,0.8965612507521379,-0.012448075351165532,0.442744812583743,-0.01955661768965339,0.9975175501789334,0.06764817654275591,-0.4424878104019395,-0.06930932480605219,0.8940921401850183,0.022554299,-0.009999503,0.112278745,-0.050242532,0.06905262,-0.09369692,1.047179,-0.06093641,-0.00015906108,0.0023214202,0.8981479051205596,-0.012136774231261565,-0.4395259255593575,0.044484713462847825,0.9969980621693151,0.06337171528970316,0.437437367854735,-0.07646935818934443,0.8959916218706686,0.0027197327,-0.0064675915,0.09171622,-0.00016601404,-0.012021652,-0.006227369,1.5871266e-13,0.00019914132,-0.008734992,0.0019246545,0.999993815789883,-0.00021610827430784652,0.0035102249505144455,0.0011787136049179314,0.9609759515920718,-0.2766294111188278,-0.0033134598574631672,0.2766318379343303,0.960970263444633,left_images/camera_left_9.png,right_images/camera_right_9.png
2025-05-30 16:04:39,0.5597186088562012,10,-0.019720754,-0.0137834335,0.11285941,0.024771797,0.0789577,0.08589607,1.0471799,0.060881197,0.00012473279,0.0016841544,0.8967169007596774,-0.01254948196888413,0.44242661582941795,-0.019090294398114906,0.9975710866245129,0.06698871390452009,-0.44219267356182196,-0.06851596626408325,0.8942992797800671,0.022553632,-0.010005765,0.11227919,-0.050245937,0.06905644,-0.09369763,1.047179,-0.06093612,-0.00015857563,0.0023208791,0.8981481190496217,-0.01214108387979564,-0.43952536938139364,0.044488305131929806,0.9969980502742445,0.06336938105933856,0.43743656334846437,-0.07646882915004724,0.8959920597942295,0.0027197327,-0.0064675915,0.09171622,-0.00016603069,-0.012021652,-0.006227369,1.576331e-13,0.00019914132,-0.008734992,0.0019246545,0.999993815789883,-0.00021610827430784652,0.0035102249505144455,0.0011787136049179314,0.9609759515920718,-0.2766294111188278,-0.0033134598574631672,0.2766318379343303,0.960970263444633,left_images/camera_left_10.png,right_images/camera_right_10.png
2025-05-30 16:04:40,0.6290600299835205,11,-0.019728117,-0.013777495,0.112856545,0.024837583,0.07907635,0.08582777,1.04718,0.060881313,0.00012190401,0.001687591,0.8966818479219789,-0.0125584296002097,0.4424974005044565,-0.019149616919739796,0.997561354062423,0.06711659297798286,-0.44226118502424794,-0.06865588632536601,0.8942546692602875,0.022554575,-0.009999698,0.11227919,-0.050276317,0.06903089,-0.093707256,1.047179,-0.06093618,-0.00015867274,0.0023209024,0.8981507396023248,-0.01217692765296596,-0.4395190227791413,0.04451969837067976,0.9969976635411907,0.06335341624877389,0.43742798882648165,-0.07646817198247352,0.8959963020375018,0.0027197327,-0.0064675915,0.09171622,-0.00016604734,-0.012021652,-0.006227369,1.5783653e-13,0.00019914132,-0.008734992,0.0019246545,0.999993815789883,-0.00021610827430784652,0.0035102249505144455,0.0011787136049179314,0.9609759515920718,-0.2766294111188278,-0.0033134598574631672,0.2766318379343303,0.960970263444633,left_images/camera_left_11.png,right_images/camera_right_11.png
2025-05-30 16:04:40,0.6900241374969482,12,-0.019668698,-0.013817268,0.11286443,0.024874432,0.079307966,0.08570062,1.04718,0.06088209,0.00012230308,0.0016782442,0.8966503291150846,-0.012622255850549475,0.44255944906312145,-0.019178613297991535,0.9975478970146838,0.06730805266495028,-0.44232382717843316,-0.06883946410907692,0.8942095728023708,0.022555491,-0.0099941455,0.11227919,-0.05029886,0.06901165,-0.093714505,1.047179,-0.06093613,-0.0001590582,0.0023209918,0.8981527280441974,-0.012202887130264642,-0.43951423941944356,0.04454263911319544,0.9969973446253254,0.06334230901128947,0.4374215705787696,-0.07646819179067903,0.8959994337256393,0.0027197327,-0.0064675915,0.09171622,-0.00016606398,-0.012021652,-0.006227369,1.5733263e-13,0.00019914132,-0.008734992,0.0019246545,0.999993815789883,-0.00021610827430784652,0.0035102249505144455,0.0011787136049179314,0.9609759515920718,-0.2766294111188278,-0.0033134598574631672,0.2766318379343303,0.960970263444633,left_images/camera_left_12.png,right_images/camera_right_12.png
2025-05-30 16:04:40,0.7535364627838135,13,-0.019759428,-0.013654524,0.11285991,0.024075793,0.07804256,0.086374134,1.0471799,0.060881805,0.000127154,0.0016825106,0.8969288648890649,-0.012738530295295153,0.4419913360855954,-0.01843263671897615,0.9976388978875396,0.06615789692336017,-0.4417905037825056,-0.06748599312191787,0.8945763195501816,0.022556074,-0.009990213,0.11227919,-0.050315667,0.0689976,-0.093719766,1.047179,-0.06093606,-0.00015922551,0.0023210011,0.8981541727520419,-0.01222276832844623,-0.43951073468401675,0.044560199939694824,0.9969971033778524,0.06333375432978935,0.43741681557689277,-0.07646816194051498,0.8960017576210493,0.0027197327,-0.0064675915,0.09171622,-0.00016608063,-0.012021652,-0.006227369,1.5793072e-13,0.00019914132,-0.008734992,0.0019246545,0.999993815789883,-0.00021610827430784652,0.0035102249505144455,0.0011787136049179314,0.9609759515920718,-0.2766294111188278,-0.0033134598574631672,0.2766318379343303,0.960970263444633,left_images/camera_left_13.png,right_images/camera_right_13.png
2025-05-30 16:04:40,0.8183434009552002,14,-0.019717624,-0.0137655735,0.11285752,0.024767384,0.07902962,0.085844666,1.0471802,0.06088213,0.00012142846,0.0016859844,0.8966956643658246,-0.012599608605241161,0.4424682309166696,-0.019081589019489434,0.9975653405208409,0.06707670498787278,-0.442236111673418,-0.06859038747910344,0.8942720952134438,0.022556562,-0.009987086,0.11227919,-0.050328005,0.06898695,-0.09372374,1.047179,-0.06093597,-0.00015955532,0.0023208763,0.8981550372536321,-0.01223703152214392,-0.43950857115129477,0.044572858412726804,0.9969969239091572,0.06332767174464383,0.4374137507541866,-0.0764682206881029,0.8960032488088142,0.0027197327,-0.0064675915,0.09171622,-0.00016609728,-0.012021652,-0.006227369,1.5726281e-13,0.00019914132,-0.008734992,0.0019246545,0.999993815789883,-0.00021610827430784652,0.0035102249505144455,0.0011787136049179314,0.9609759515920718,-0.2766294111188278,-0.0033134598574631672,0.2766318379343303,0.960970263444633,left_images/camera_left_14.png,right_images/camera_right_14.png
2025-05-30 16:04:40,0.8771543502807617,15,-0.019697523,-0.01371921,0.11286356,0.024475412,0.07856784,0.086080514,1.0471799,0.060883127,0.00012481527,0.0016778829,0.8968165097805065,-0.01263200029768716,0.44222232005360135,-0.01881065692278062,0.9975994989944998,0.06664382035910246,-0.44200260968827326,-0.06808577071901373,0.894426084623181,0.022557009,-0.009985022,0.11227919,-0.050337195,0.06897933,-0.09372679,1.047179,-0.060935967,-0.00015955503,0.002321015,0.898155986501885,-0.012247678142308278,-0.43950633475633555,0.04458244240578897,0.9969967585227065,0.06332352899476137,0.4374108249002992,-0.07646867250932438,0.8960046385955273,0.0027197327,-0.0064675915,0.09171622,-0.00016611392,-0.012021652,-0.006227369,1.5871484e-13,0.00019914132,-0.008734992,0.0019246545,0.999993815789883,-0.00021610827430784652,0.0035102249505144455,0.0011787136049179314,0.9609759515920718,-0.2766294111188278,-0.0033134598574631672,0.2766318379343303,0.960970263444633,left_images/camera_left_15.png,right_images/camera_right_15.png
2025-05-30 16:04:40,0.93849778175354,16,-0.019783232,-0.013564205,0.11285764,0.023849878,0.07743257,0.086678475,1.0471799,0.060883306,0.00012798741,0.001683631,0.8970591321000179,-0.012663397937489738,0.4417290480245096,-0.01823255861735641,0.9976775911053584,0.06562772289569524,-0.44153424252511536,-0.06692579890360875,0.894744907847419,0.022557246,-0.009983422,0.11227919,-0.05034396,0.068973556,-0.093728885,1.047179,-0.060935922,-0.00015964327,0.0023210328,0.8981565647111124,-0.012255744919557023,-0.4395049282804457,0.04458939829011488,0.9969966901419743,0.06331970788051032,0.4374089286085258,-0.07646827160603549,0.8960055985378255,0.0027197327,-0.0064675915,0.09171622,-0.00016613057,-0.012021652,-0.006227369,1.5875846e-13,0.00019914132,-0.008734992,0.0019246545,0.999993815789883,-0.00021610827430784652,0.0035102249505144455,0.0011787136049179314,0.9609759515920718,-0.2766294111188278,-0.0033134598574631672,0.2766318379343303,0.960970263444633,left_images/camera_left_16.png,right_images/camera_right_16.png
2025-05-30 16:04:40,0.9923717975616455,17,-0.019745305,-0.013697225,0.11285706,0.024622219,0.078570955,0.086086474,1.0471802,0.06088164,0.00012198393,0.0016863076,0.8967949741782771,-0.012522921281374801,0.44226909312223467,-0.01895424757393328,0.9975943082176821,0.06668082715886511,-0.44204016874882474,-0.06818190855545839,0.8944001993281564,0.022557886,-0.009979258,0.11227919,-0.05038144,0.068946205,-0.09374028,1.047179,-0.060935907,-0.0001595802,0.0023208652,0.898159858619147,-0.012299642311504402,-0.43949697059734405,0.04462809220596428,0.9969961660361119,0.06330069743177845,0.4373982187335582,-0.07646805678387979,0.8960108451020041,0.0027197327,-0.0064675915,0.09171622,-0.00016614722,-0.012021652,-0.006227369,1.5892546e-13,0.00019914132,-0.008734992,0.0019246545,0.999993815789883,-0.00021610827430784652,0.0035102249505144455,0.0011787136049179314,0.9609759515920718,-0.2766294111188278,-0.0033134598574631672,0.2766318379343303,0.960970263444633,left_images/camera_left_17.png,right_images/camera_right_17.png
2025-05-30 16:04:40,1.043616771697998,18,-0.019685548,-0.0137524,0.11286457,0.024720605,0.07890876,0.085901484,1.04718,0.060882106,0.00012221781,0.0016775951,0.8967365389352578,-0.012581291896527552,0.4423859071360988,-0.019040589218709474,0.9975735098668851,0.06696677067074429,-0.4421549905865805,-0.06847483848887899,0.8943210613606853,0.022558494,-0.009975692,0.11227919,-0.05040918,0.068925716,-0.09374878,1.047179,-0.060935955,-0.00015975075,0.0023208316,0.8981620292142135,-0.012332241992421777,-0.4394916211775222,0.04465692855161512,0.9969957648722599,0.06328667757998883,0.43739081838802046,-0.07646803668342654,0.8960144593451826,0.0027197327,-0.0064675915,0.09171622,-0.00016616387,-0.012021652,-0.006227369,1.5837395e-13,0.00019914132,-0.008734992,0.0019246545,0.999993815789883,-0.00021610827430784652,0.0035102249505144455,0.0011787136049179314,0.9609759515920718,-0.2766294111188278,-0.0033134598574631672,0.2766318379343303,0.960970263444633,left_images/camera_left_18.png,right_images/camera_right_18.png
2025-05-30 16:04:40,1.104109525680542,19,-0.019737575,-0.013701167,0.112861,0.02437014,0.078406565,0.086180694,1.0471799,0.060881507,0.00012582511,0.0016817944,0.8968456960330005,-0.012650312050225895,0.4421626025707229,-0.018711424534283858,0.9976113330681894,0.06649444131510539,-0.4419475988157204,-0.06790874567345583,0.8944667250166868,0.022559108,-0.00997297,0.11227919,-0.050429706,0.068910375,-0.09375532,1.047179,-0.060935825,-0.00015982825,0.002320895,0.8981638875798934,-0.01235592652653044,-0.439487158091159,0.0446777335193586,0.9969954910918941,0.06327630575504518,0.4373848776248964,-0.0764677829030224,0.8960173809714578,0.0027197327,-0.0064675915,0.09171622,-0.00016618051,-0.012021652,-0.006227369,1.5845817e-13,0.00019914132,-0.008734992,0.0019246545,0.999993815789883,-0.00021610827430784652,0.0035102249505144455,0.0011787136049179314,0.9609759515920718,-0.2766294111188278,-0.0033134598574631672,0.2766318379343303,0.960970263444633,left_images/camera_left_19.png,right_images/camera_right_19.png
2025-05-30 16:04:40,1.1669385433197021,20,-0.019748805,-0.013719018,0.112856485,0.024536466,0.078656234,0.08604905,1.0471799,0.060881373,0.00012297684,0.0016871821,0.8967784601309566,-0.012629290065304765,0.4422995528797154,-0.018865933253509923,0.9975922714633423,0.06673632053899045,-0.44207744797447407,-0.06819208861044779,0.8943809976980283,0.022559445,-0.009971126,0.11227919,-0.05044503,0.06889923,-0.093760096,1.047179,-0.060935967,-0.00015974729,0.0023209322,0.8981652188114263,-0.012374239576764045,-0.4394839222455356,0.04469410493469014,0.9969952318785297,0.06326882799265572,0.43738047133075114,-0.07646820127591726,0.896019496156259,0.0027197327,-0.0064675915,0.09171622,-0.00016619716,-0.012021652,-0.006227369,1.5771496e-13,0.00019914132,-0.008734992,0.0019246545,0.999993815789883,-0.00021610827430784652,0.0035102249505144455,0.0011787136049179314,0.9609759515920718,-0.2766294111188278,-0.0033134598574631672,0.2766318379343303,0.960970263444633,left_images/camera_left_20.png,right_images/camera_right_20.png
2025-05-30 16:04:40,1.2242698669433594,21,-0.019660894,-0.013855829,0.11286358,0.025065681,0.0796222,0.08553714,1.0471802,0.060881693,0.00012091739,0.001679685,0.8965764269484139,-0.012601631637984428,0.44270973506404426,-0.019356327999112622,0.9975250759356844,0.0675947886001441,-0.4424658667138139,-0.06917312888375045,0.8941135470585522,0.022559859,-0.009969565,0.11227919,-0.050456263,0.068890676,-0.093763635,1.047179,-0.060935915,-0.00015987118,0.0023209509,0.898166205878611,-0.012387221059335544,-0.4394815392846982,0.04470539845859707,0.99699510131521,0.06326290620997543,0.4373772901812331,-0.07646780177238807,0.8960210830810958,0.0027197327,-0.0064675915,0.09171622,-0.00016621381,-0.012021652,-0.006227369,1.5840488e-13,0.00019914132,-0.008734992,0.0019246545,0.999993815789883,-0.00021610827430784652,0.0035102249505144455,0.0011787136049179314,0.9609759515920718,-0.2766294111188278,-0.0033134598574631672,0.2766318379343303,0.960970263444633,left_images/camera_left_21.png,right_images/camera_right_21.png
2025-05-30 16:04:40,1.2845792770385742,22,-0.01970225,-0.013788293,0.11286259,0.024689795,0.07892498,0.08591207,1.0471799,0.060881525,0.00012619112,0.0016801832,0.8967339581773445,-0.012598658197732225,0.4423906441858928,-0.01901076758885624,0.9975755591539798,0.06694471222066053,-0.442161507785645,-0.06844178248877858,0.8943203695781974,0.022559986,-0.0099685965,0.11227919,-0.050464634,0.068884596,-0.09376611,1.047179,-0.06093593,-0.00015986981,0.002321004,0.8981668309819999,-0.0123967020208962,-0.439479994428366,0.0447139184424218,0.9969949607420957,0.06325910015477217,0.4373751355773165,-0.07646809814473061,0.8960221095178689,0.0027197327,-0.0064675915,0.09171622,-0.00016623046,-0.012021652,-0.006227369,1.5824955e-13,0.00019914132,-0.008734992,0.0019246545,0.999993815789883,-0.00021610827430784652,0.0035102249505144455,0.0011787136049179314,0.9609759515920718,-0.2766294111188278,-0.0033134598574631672,0.2766318379343303,0.960970263444633,left_images/camera_left_22.png,right_images/camera_right_22.png
2025-05-30 16:04:40,1.3367738723754883,23,-0.019750059,-0.013682242,0.11285666,0.024434896,0.07833251,0.08620738,1.0471799,0.06088251,0.00012484286,0.0016861018,0.8968506355475095,-0.012567045789808325,0.4421549579933998,-0.018779013304169822,0.9976133517864545,0.0664450825623512,-0.4419347080478632,-0.06789454836371413,0.894474171860282,0.02256014,-0.009967731,0.11227919,-0.050470866,0.06887975,-0.09376808,1.047179,-0.060935806,-0.00015996999,0.002320934,0.8981673027459983,-0.012404448763628756,-0.4394788116949993,0.04472065398039098,0.9969948863104013,0.0632555118426519,0.43737347814601685,-0.07646781232505769,0.8960229429499422,0.0027197327,-0.0064675915,0.09171622,-0.0001662471,-0.012021652,-0.006227369,1.576227e-13,0.00019914132,-0.008734992,0.0019246545,0.999993815789883,-0.00021610827430784652,0.0035102249505144455,0.0011787136049179314,0.9609759515920718,-0.2766294111188278,-0.0033134598574631672,0.2766318379343303,0.960970263444633,left_images/camera_left_23.png,right_images/camera_right_23.png
2025-05-30 16:04:40,1.3916912078857422,24,-0.019642143,-0.013902704,0.11286107,0.025438562,0.07997213,0.085341156,1.0471802,0.06088303,0.000119791424,0.0016823504,0.8964886394374676,-0.012439081212997277,0.44289207332953556,-0.019715407610481732,0.9974957470193314,0.0679230254118494,-0.44262785956411604,-0.06962401839108857,0.8939983635336066,0.022560121,-0.009967366,0.11227919,-0.05047551,0.068876654,-0.09376942,1.047179,-0.0609359,-0.00015990535,0.0023209015,0.8981677007859938,-0.012409791289432301,-0.43947784738818657,0.04472532546264525,0.9969948285111538,0.06325311995684865,0.4373721830741662,-0.0764676990772428,0.8960235847737327,0.0027197327,-0.0064675915,0.09171622,-0.00016626375,-0.012021652,-0.006227369,1.5829752e-13,0.00019914132,-0.008734992,0.0019246545,0.999993815789883,-0.00021610827430784652,0.0035102249505144455,0.0011787136049179314,0.9609759515920718,-0.2766294111188278,-0.0033134598574631672,0.2766318379343303,0.960970263444633,left_images/camera_left_24.png,right_images/camera_right_24.png
2025-05-30 16:04:40,1.4494621753692627,25,-0.019663002,-0.013851337,0.11286502,0.024892764,0.079299435,0.085713916,1.0471799,0.060882423,0.00012654508,0.001677284,0.8966581228954219,-0.012583930731839301,0.44254474952596,-0.01919982103661991,0.9975502397455395,0.0672672732893082,-0.44230710769534354,-0.06881252699147866,0.8942199162461251,0.022560287,-0.009966988,0.11227919,-0.050478946,0.06887416,-0.09377074,1.047179,-0.06093587,-0.0001598924,0.0023209248,0.8981681332832099,-0.012413418275233911,-0.4394768610533188,0.04472857859548392,0.9969947708864361,0.06325172789679659,0.4373709622407294,-0.07646786169252326,0.8960241668151543,0.0027197327,-0.0064675915,0.09171622,-0.0001662804,-0.012021652,-0.006227369,1.5719714e-13,0.00019914132,-0.008734992,0.0019246545,0.999993815789883,-0.00021610827430784652,0.0035102249505144455,0.0011787136049179314,0.9609759515920718,-0.2766294111188278,-0.0033134598574631672,0.2766318379343303,0.960970263444633,left_images/camera_left_25.png,right_images/camera_right_25.png
2025-05-30 16:04:40,1.5133869647979736,26,-0.019760637,-0.013653405,0.112857506,0.024103818,0.07799777,0.08638926,1.0471799,0.060882982,0.0001278416,0.0016845167,0.8969343291596827,-0.012691731905940612,0.4419815936394837,-0.01846339528772459,0.9976410779427252,0.06611643241832381,-0.44177812554416857,-0.067462578830825,0.8945841985236357,0.022560319,-0.009966579,0.11227919,-0.050481502,0.06887215,-0.09377141,1.047179,-0.06093586,-0.0001599387,0.0023209825,0.8981683144836676,-0.012416542417947572,-0.43947640247452474,0.04473112036891709,0.9969947715727109,0.06324991958270869,0.4373703301872552,-0.07646734552121563,0.8960245193859542,0.002719706,-0.00646753,0.09171622,-0.00016626432,-0.012021764,-0.006227341,2.9627479e-12,0.00019914575,-0.008734987,0.001924661,0.9999938162578211,-0.0002160805917076089,0.003510093345905655,0.0011786514891882953,0.9609758770946625,-0.2766296701780401,-0.0033133407289498737,0.27663209674822997,0.9609701893513096,left_images/camera_left_26.png,right_images/camera_right_26.png
2025-05-30 16:04:41,1.5653064250946045,27,-0.019708274,-0.013773646,0.11285985,0.024807703,0.07903544,0.08584702,1.0471802,0.06088176,0.00012235722,0.0016833879,0.8966998536089857,-0.012563529122409312,0.44246076693150277,-0.01912148986191854,0.9975645221250751,0.0670775135409088,-0.4422258938179489,-0.06860890564176511,0.8942757275603287,0.022559876,-0.009969286,0.11227919,-0.050451025,0.068893746,-0.09376217,1.047179,-0.06093585,-0.00015990995,0.0023209006,0.898165738051304,-0.012381183781646904,-0.4394826655044789,0.044700221836219946,0.9969951490534659,0.06326581171256851,0.437378779959144,-0.07646815711145738,0.8960203255448106,0.0027197022,-0.0064675193,0.09171622,-0.00016626852,-0.012021764,-0.006227407,1.9807812e-12,0.00019914575,-0.008734987,0.001924661,0.9999938162578211,-0.0002160805917076089,0.003510093345905655,0.0011786514891882953,0.9609758770946625,-0.2766296701780401,-0.0033133407289498737,0.27663209674822997,0.9609701893513096,left_images/camera_left_27.png,right_images/camera_right_27.png
2025-05-30 16:04:41,1.622847080230713,28,-0.019709226,-0.0137363225,0.112865075,0.024492996,0.078567035,0.08610151,1.0471799,0.060881358,0.00012693426,0.0016771602,0.8968198158952376,-0.012608591527580058,0.44221628332448665,-0.01882806860310602,0.9976002676287361,0.06662739571490639,-0.44199516021140856,-0.0680788472784655,0.8944302929255731,0.022559604,-0.009971522,0.11227919,-0.050428335,0.06890979,-0.09375539,1.047179,-0.060935874,-0.00016003259,0.002321112,0.8981636817009012,-0.012354160920895585,-0.43948762847368394,0.04467630347100481,0.9969954920796397,0.06327729988743083,0.43738544646758526,-0.07646805529642942,0.8960170800478824,0.0027197022,-0.0064675193,0.09171622,-0.00016627274,-0.012021764,-0.0062274733,1.0569677e-12,0.00019914575,-0.008734987,0.001924661,0.9999938162578211,-0.0002160805917076089,0.003510093345905655,0.0011786514891882953,0.9609758770946625,-0.2766296701780401,-0.0033133407289498737,0.27663209674822997,0.9609701893513096,left_images/camera_left_28.png,right_images/camera_right_28.png
2025-05-30 16:04:41,1.6801714897155762,29,-0.019768355,-0.013686389,0.112859406,0.024197644,0.078142434,0.08633957,1.0471799,0.06088069,0.00012886623,0.0016838061,0.896906453399279,-0.012670587644645584,0.442038765335651,-0.01855019758297888,0.9976316128692962,0.06623484863302254,-0.4418310808672924,-0.06760636961519467,0.8945471897933022,0.02255921,-0.009973475,0.11227919,-0.05041157,0.068922,-0.093750216,1.047179,-0.060935814,-0.0001599805,0.0023209527,0.8981623614657666,-0.012334884566667613,-0.43949086801544024,0.044659208418507595,0.9969957384504622,0.06328548502658647,0.4373899033467399,-0.07646795495071766,0.8960149129986537,0.0027197022,-0.0064675193,0.09171622,-0.00016627696,-0.012021764,-0.0062275394,1.0540872e-12,0.00019914575,-0.008734987,0.001924661,0.9999938162578211,-0.0002160805917076089,0.003510093345905655,0.0011786514891882953,0.9609758770946625,-0.2766296701780401,-0.0033133407289498737,0.27663209674822997,0.9609701893513096,left_images/camera_left_29.png,right_images/camera_right_29.png
2025-05-30 16:04:41,1.7496521472930908,30,-0.019716894,-0.013802652,0.11285782,0.024824986,0.0791378,0.08580263,1.0471802,0.060881726,0.00012370787,0.0016861679,0.8966757479562686,-0.012586924230277453,0.442508951734863,-0.019135854680547428,0.9975593115053345,0.06715086816004548,-0.44227414811710514,-0.06868034192856129,0.8942463802218406,0.022558969,-0.009974657,0.11227919,-0.05039918,0.06893077,-0.09374641,1.047179,-0.060935847,-0.00015993408,0.002320909,0.8981612400446253,-0.012320363510788891,-0.439493567102481,0.044646371405396575,0.9969959198530506,0.06329168441984218,0.43739351664357384,-0.0764679307901785,0.8960131512198,0.0027197022,-0.0064675193,0.09171622,-0.00016628118,-0.012021764,-0.0062276055,1.0605581e-12,0.00019916128,-0.008734949,0.001924661,0.9999938161790108,-0.00021636772548293726,0.0035100981106601843,0.0011789287359387796,0.960975876895453,-0.2766296696886488,-0.003313265877449114,0.27663209721581977,0.9609701894747843,left_images/camera_left_30.png,right_images/camera_right_30.png
2025-05-30 16:04:41,1.8291053771972656,31,-0.019704364,-0.013757113,0.112862684,0.024449648,0.07868413,0.08603818,1.0471799,0.060882628,0.00012716668,0.0016793953,0.8967946084149532,-0.012695500313251954,0.4422649144909268,-0.01878063880087277,0.9975950588863869,0.06671870870825647,-0.44204832080226447,-0.06813899586332517,0.89439944058493,0.02255877,-0.009975601,0.11227919,-0.050389983,0.06893737,-0.09374357,1.047179,-0.06093592,-0.00015995305,0.0023209471,0.8981604532509124,-0.01230978534476546,-0.43949547142249523,0.044637056482398976,0.9969960447340929,0.06329628719887037,0.4373960829782345,-0.07646800618128183,0.8960118920114604,0.0027197022,-0.0064675193,0.09171622,-0.00016630102,-0.012021764,-0.0062276335,7.976869e-13,0.00019916128,-0.008734949,0.001924661,0.9999938161790108,-0.00021636772548293726,0.0035100981106601843,0.0011789287359387796,0.960975876895453,-0.2766296696886488,-0.003313265877449114,0.27663209721581977,0.9609701894747843,left_images/camera_left_31.png,right_images/camera_right_31.png
2025-05-30 16:04:41,1.8982558250427246,32,-0.01979026,-0.0135814035,0.112856336,0.023775125,0.07753998,0.08663077,1.0471799,0.06088303,0.00012816151,0.001685461,0.8970363433531265,-0.012774438094028099,0.44177212727268517,-0.018153320979555042,0.9976736111583587,0.06571014028027482,-0.44158380364441013,-0.0669640151844406,0.8947175895383487,0.022558698,-0.0099763265,0.11227919,-0.050383125,0.068942234,-0.093741454,1.047179,-0.06093598,-0.00015989234,0.0023210477,0.8981599341683335,-0.012301548966126754,-0.43949676284105743,0.04462962404175261,0.9969961709442682,0.06329954012755082,0.43739790730252304,-0.07646768608701054,0.896011028766874,0.0027197022,-0.0064675193,0.09171622,-0.00016632084,-0.012021764,-0.0062276614,3.3618534e-13,0.00019916128,-0.008734949,0.001924661,0.9999938161790108,-0.00021636772548293726,0.0035100981106601843,0.0011789287359387796,0.960975876895453,-0.2766296696886488,-0.003313265877449114,0.27663209721581977,0.9609701894747843,left_images/camera_left_32.png,right_images/camera_right_32.png
2025-05-30 16:04:41,1.9669198989868164,33,-0.019678706,-0.01382044,0.11286131,0.024976533,0.079373755,0.08566527,1.0471802,0.060882226,0.00012143352,0.0016818801,0.8966280222079879,-0.012568294560533391,0.4426061768245354,-0.01927710718852227,0.997541296555186,0.067377702583578,-0.44236476230576327,-0.0689449029213802,0.8941811994396479,0.022558639,-0.009976875,0.11227919,-0.050378073,0.06894591,-0.09373991,1.047179,-0.060935818,-0.00015997948,0.0023208987,0.8981595427016364,-0.012295927541572358,-0.43949772015322175,0.04462465528682989,0.9969962398047918,0.06330195854503694,0.43739921810003135,-0.07646769240011349,0.8960103883462974,0.0027197022,-0.0064675193,0.09171622,-0.00016634066,-0.012021764,-0.0062276893,3.3169593e-13,0.00019915812,-0.00873495,0.0019246619,0.9999938147591575,-0.0002164016050732141,0.0035105005018082926,0.0011790726075750439,0.9609758768599149,-0.27662966919891985,-0.003313643193516877,0.2766320973127723,0.9609701881458774,left_images/camera_left_33.png,right_images/camera_right_33.png
2025-05-30 16:04:41,2.037386178970337,34,-0.019723954,-0.013762813,0.11285903,0.024625333,0.07871853,0.086019576,1.0471799,0.060882125,0.00012691453,0.0016836794,0.8967739312970185,-0.01256156279242438,0.44231066377185846,-0.018954577463836584,0.9975889179585572,0.06676132682505875,-0.44208284307271806,-0.06825362925505771,0.8943736366610184,0.02255858,-0.009977483,0.11227919,-0.050374333,0.06894885,-0.093738794,1.047179,-0.060935877,-0.00015997209,0.002320881,0.8981591979751813,-0.012291409811914056,-0.43949855100718443,0.04462082866660705,0.9969962667584658,0.063304231444568,0.43740031634840454,-0.07646806728640208,0.896009820227322,0.0027197022,-0.0064675193,0.09171622,-0.00016635084,-0.012021764,-0.00622772,6.073046e-13,0.00019915812,-0.00873495,0.0019246619,0.9999938147591575,-0.0002164016050732141,0.0035105005018082926,0.0011790726075750439,0.9609758768599149,-0.27662966919891985,-0.003313643193516877,0.2766320973127723,0.9609701881458774,left_images/camera_left_34.png,right_images/camera_right_34.png
2025-05-30 16:04:41,2.0913004875183105,35,-0.019739844,-0.013750621,0.112855025,0.024795322,0.078831375,0.08595241,1.04718,0.060882043,0.00012320594,0.0016888352,0.8967334659299458,-0.012482421489935126,0.4423949369455017,-0.01911767102794123,0.9975766057656537,0.06689865681420727,-0.4421578968374694,-0.06844782526001299,0.8943216923911891,0.02255853,-0.009977748,0.11227919,-0.050371535,0.068950765,-0.0937379,1.047179,-0.06093584,-0.0001598355,0.0023209462,0.8981587778157384,-0.012287783843141612,-0.4394995110358635,0.04461757132490038,0.9969963245184267,0.06330561764816071,0.4374015113846845,-0.07646789695664395,0.8960092513882999,0.0027197022,-0.0064675193,0.09171622,-0.00016636103,-0.012021764,-0.006227751,6.09644e-13,0.00019915812,-0.00873495,0.0019246619,0.9999938147591575,-0.0002164016050732141,0.0035105005018082926,0.0011790726075750439,0.9609758768599149,-0.27662966919891985,-0.003313643193516877,0.2766320973127723,0.9609701881458774,left_images/camera_left_35.png,right_images/camera_right_35.png
2025-05-30 16:04:41,2.1427805423736572,36,-0.019636191,-0.013967433,0.112862565,0.025694702,0.08037298,0.08515137,1.0471802,0.060880866,0.00011969649,0.0016820729,0.8964000673159057,-0.012394443862413708,0.44307256412170387,-0.019954951647621552,0.9974669711169599,0.06827474961872226,-0.4427964760708705,-0.07004298174763554,0.8938821295266617,0.022558497,-0.009977723,0.11227919,-0.05036949,0.06895208,-0.093737364,1.047179,-0.06093585,-0.00015984586,0.0023209732,0.898158684405076,-0.01228559739243246,-0.43949976305392313,0.044615807173949515,0.9969963203456795,0.0633069266936276,0.43740188314404915,-0.07646830267428746,0.8960090352826546,0.0027197022,-0.0064675193,0.09171622,-0.00016637122,-0.012021764,-0.0062277815,6.1078096e-13,0.00019915812,-0.00873495,0.0019246619,0.9999938147591575,-0.0002164016050732141,0.0035105005018082926,0.0011790726075750439,0.9609758768599149,-0.27662966919891985,-0.003313643193516877,0.2766320973127723,0.9609701881458774,left_images/camera_left_36.png,right_images/camera_right_36.png
2025-05-30 16:04:41,2.216810941696167,37,-0.01967148,-0.01389018,0.11286337,0.025090257,0.07955052,0.08559179,1.0471799,0.060881257,0.00012606621,0.0016802577,0.8965950961373522,-0.012526355216788757,0.4426740606896175,-0.01938627419149159,0.9975314369041199,0.0674922570445992,-0.44242672382601916,-0.06909502741141922,0.8941389552142277,0.022558395,-0.00997771,0.11227919,-0.050367907,0.06895298,-0.09373692,1.047179,-0.06093585,-0.00015985564,0.0023209136,0.8981587435027962,-0.012283920324741668,-0.43949968915908666,0.044614210818680784,0.9969963563669554,0.06330748442357689,0.4374019246213998,-0.07646810245109084,0.8960090321224585,0.0027197022,-0.0064675193,0.09171622,-0.0001663814,-0.012021764,-0.0062278123,6.181234e-13,0.00019915812,-0.00873495,0.0019246619,0.9999938147591575,-0.0002164016050732141,0.0035105005018082926,0.0011790726075750439,0.9609758768599149,-0.27662966919891985,-0.003313643193516877,0.2766320973127723,0.9609701881458774,left_images/camera_left_37.png,right_images/camera_right_37.png
