Epoch Time (Seconds),Time (Seconds),Frame Number,PSM1_joint_1,PSM1_joint_2,PSM1_joint_3,PSM1_joint_4,PSM1_joint_5,PSM1_joint_6,PSM1_jaw_angle,PSM1_ee_x,PSM1_ee_y,PSM1_ee_z,"PSM1_Orientation_Matrix_[1,1]","PSM1_Orientation_Matrix_[1,2]","PSM1_Orientation_Matrix_[1,3]","PSM1_Orientation_Matrix_[2,1]","PSM1_Orientation_Matrix_[2,2]","PSM1_Orientation_Matrix_[2,3]","PSM1_Orientation_Matrix_[3,1]","PSM1_Orientation_Matrix_[3,2]","PSM1_Orientation_Matrix_[3,3]",PSM2_joint_1,PSM2_joint_2,PSM2_joint_3,PSM2_joint_4,PSM2_joint_5,PSM2_joint_6,PSM2_jaw_angle,PSM2_ee_x,PSM2_ee_y,PSM2_ee_z,"PSM2_Orientation_Matrix_[1,1]","PSM2_Orientation_Matrix_[1,2]","PSM2_Orientation_Matrix_[1,3]","PSM2_Orientation_Matrix_[2,1]","PSM2_Orientation_Matrix_[2,2]","PSM2_Orientation_Matrix_[2,3]","PSM2_Orientation_Matrix_[3,1]","PSM2_Orientation_Matrix_[3,2]","PSM2_Orientation_Matrix_[3,3]",PSM3_joint_1,PSM3_joint_2,PSM3_joint_3,PSM3_joint_4,PSM3_joint_5,PSM3_joint_6,PSM3_jaw_angle,PSM3_ee_x,PSM3_ee_y,PSM3_ee_z,"PSM3_Orientation_Matrix_[1,1]","PSM3_Orientation_Matrix_[1,2]","PSM3_Orientation_Matrix_[1,3]","PSM3_Orientation_Matrix_[2,1]","PSM3_Orientation_Matrix_[2,2]","PSM3_Orientation_Matrix_[2,3]","PSM3_Orientation_Matrix_[3,1]","PSM3_Orientation_Matrix_[3,2]","PSM3_Orientation_Matrix_[3,3]",Camera Left,Camera Right
2025-05-27 16:04:36,0.0015208721160888672,1,-0.057436846,-1.4275091e-05,0.0967256,-0.00018498507,0.00021766321,-0.027670795,1.0308763,0.045141887,-2.9304629e-06,0.02196231,0.8202746436248207,-0.0002660570894841974,0.5719697878732743,0.00017895226524523074,0.9999999622477717,0.00020851988403710616,-0.5719698217583338,-6.868828437546966e-05,0.820274660269144,0.00054550794,-2.7207618e-06,0.09855149,-0.0010216743,-0.00016083242,0.021505298,1.0340217,-0.04908677,3.0875779e-06,0.017366774,0.8546866516760282,-0.0009660078911330937,-0.5191433272956265,0.0010178753853029234,0.9999994648517244,-0.00018500260763814507,0.5191432281909489,-0.00037030395502489716,0.8546871775675948,-4.4629607e-05,-0.016012708,0.10667065,-0.0006312799,-0.0051071784,-0.0062078405,0.523589,-6.264933e-05,-0.01988746,0.004752758,0.99998023444754,-0.0006301763771232491,0.006255684772797812,0.0023514458258436736,0.9602445593533354,-0.2791502407931019,-0.005831073380692526,0.2791594331382201,0.9602270614147347,left_images/camera_left_1.png,right_images/camera_right_1.png
2025-05-27 16:04:37,0.06335926055908203,2,-0.057436846,-1.4283479e-05,0.096725605,-0.00018499726,0.00021768722,-0.027670795,1.0397315,0.045141887,-2.9341882e-06,0.02196231,0.8202746436248207,-0.0002660570894841974,0.5719697878732743,0.00017895226524523074,0.9999999622477717,0.00020851988403710616,-0.5719698217583338,-6.868828437546966e-05,0.820274660269144,0.00054550794,-2.721209e-06,0.09855149,-0.0010216626,-0.0001608302,0.021505298,1.0346708,-0.04908677,3.0875779e-06,0.017366774,0.8546866516760282,-0.0009660078911330937,-0.5191433272956265,0.0010178753853029234,0.9999994648517244,-0.00018500260763814507,0.5191432281909489,-0.00037030395502489716,0.8546871775675948,-4.462917e-05,-0.016012708,0.10667065,-0.0006312799,-0.0051071784,-0.0062078405,0.523589,-6.264933e-05,-0.01988746,0.004752758,0.99998023444754,-0.0006301763771232491,0.006255684772797812,0.0023514458258436736,0.9602445593533354,-0.2791502407931019,-0.005831073380692526,0.2791594331382201,0.9602270614147347,left_images/camera_left_2.png,right_images/camera_right_2.png
2025-05-27 16:04:37,0.128065824508667,3,-0.057436846,-1.42874205e-05,0.096725605,-0.00018500931,0.00021770506,-0.027670795,1.0341192,0.045141872,-2.9401672e-06,0.02196225,0.8202747085804333,-0.0002664233572161245,0.5719696945484787,0.00017940284314975152,0.9999999621682494,0.00020851407581628508,-0.571969728462884,-6.842583337762964e-05,0.8202747253451128,0.00054550794,-2.721656e-06,0.09855149,-0.0010216587,-0.00016082787,0.021505298,1.0339957,-0.04908677,3.0875779e-06,0.017366774,0.8546866516760282,-0.0009660078911330937,-0.5191433272956265,0.0010178753853029234,0.9999994648517244,-0.00018500260763814507,0.5191432281909489,-0.00037030395502489716,0.8546871775675948,-4.4628734e-05,-0.016012708,0.10667065,-0.0006312799,-0.0051071784,-0.0062078405,0.523589,-6.264933e-05,-0.01988746,0.004752758,0.99998023444754,-0.0006301763771232491,0.006255684772797812,0.0023514458258436736,0.9602445593533354,-0.2791502407931019,-0.005831073380692526,0.2791594331382201,0.9602270614147347,left_images/camera_left_3.png,right_images/camera_right_3.png
2025-05-27 16:04:37,0.1775658130645752,4,-0.057436846,-1.4278128e-05,0.096725605,-0.00018504844,0.00021764466,-0.027670795,1.0268914,0.045141872,-2.9401672e-06,0.02196225,0.8202747085804333,-0.0002664233572161245,0.5719696945484787,0.00017940284314975152,0.9999999621682494,0.00020851407581628508,-0.571969728462884,-6.842583337762964e-05,0.8202747253451128,0.00054550794,-2.7221035e-06,0.09855149,-0.0010216563,-0.00016082541,0.021505298,1.0308939,-0.04908677,3.0875779e-06,0.017366774,0.8546866516760282,-0.0009660078911330937,-0.5191433272956265,0.0010178753853029234,0.9999994648517244,-0.00018500260763814507,0.5191432281909489,-0.00037030395502489716,0.8546871775675948,-4.4628297e-05,-0.016012708,0.10667065,-0.0006312799,-0.0051071784,-0.0062078405,0.523589,-6.264933e-05,-0.01988746,0.004752758,0.99998023444754,-0.0006301763771232491,0.006255684772797812,0.0023514458258436736,0.9602445593533354,-0.2791502407931019,-0.005831073380692526,0.2791594331382201,0.9602270614147347,left_images/camera_left_4.png,right_images/camera_right_4.png
2025-05-27 16:04:37,0.22997069358825684,5,-0.057436846,-1.4267925e-05,0.096725605,-0.00018508775,0.00021758424,-0.027670795,1.0275264,0.045141872,-2.9371072e-06,0.02196225,0.8202746760667574,-0.0002663044090375489,0.5719697412324695,0.00017940391933073116,0.9999999622117207,0.00020830456328600934,-0.5719697750911407,-6.825334485696957e-05,0.8202746928460435,0.000545523,-2.709149e-06,0.09855149,-0.0010217123,-0.00016083862,0.021505298,1.0310775,-0.04908677,3.0875779e-06,0.017366774,0.8546866516760282,-0.0009660078911330937,-0.5191433272956265,0.0010178753853029234,0.9999994648517244,-0.00018500260763814507,0.5191432281909489,-0.00037030395502489716,0.8546871775675948,-4.462786e-05,-0.016012708,0.10667065,-0.0006312799,-0.0051071784,-0.0062078405,0.523589,-6.264933e-05,-0.01988746,0.004752758,0.99998023444754,-0.0006301763771232491,0.006255684772797812,0.0023514458258436736,0.9602445593533354,-0.2791502407931019,-0.005831073380692526,0.2791594331382201,0.9602270614147347,left_images/camera_left_5.png,right_images/camera_right_5.png
2025-05-27 16:04:37,0.2943251132965088,6,-0.057436846,-1.4267969e-05,0.096725605,-0.0001850572,0.0002175639,-0.027670795,1.0282542,0.045141872,-2.9371072e-06,0.02196225,0.8202746760667574,-0.0002663044090375489,0.5719697412324695,0.00017940391933073116,0.9999999622117207,0.00020830456328600934,-0.5719697750911407,-6.825334485696957e-05,0.8202746928460435,0.0005455265,-2.707387e-06,0.09855149,-0.0010217081,-0.0001608363,0.021505298,1.0306114,-0.04908677,3.0875779e-06,0.017366774,0.8546866516760282,-0.0009660078911330937,-0.5191433272956265,0.0010178753853029234,0.9999994648517244,-0.00018500260763814507,0.5191432281909489,-0.00037030395502489716,0.8546871775675948,-4.4627424e-05,-0.016012708,0.10667065,-0.0006312799,-0.0051071784,-0.0062078405,0.523589,-6.264933e-05,-0.01988746,0.004752758,0.99998023444754,-0.0006301763771232491,0.006255684772797812,0.0023514458258436736,0.9602445593533354,-0.2791502407931019,-0.005831073380692526,0.2791594331382201,0.9602270614147347,left_images/camera_left_6.png,right_images/camera_right_6.png
2025-05-27 16:04:37,0.35909438133239746,7,-0.057436846,-1.426992e-05,0.096725605,-0.00018500884,0.00021757715,-0.027670795,1.0285753,0.045141872,-2.9371072e-06,0.02196225,0.8202746760667574,-0.0002663044090375489,0.5719697412324695,0.00017940391933073116,0.9999999622117207,0.00020830456328600934,-0.5719697750911407,-6.825334485696957e-05,0.8202746928460435,0.0005455265,-2.7078331e-06,0.09855149,-0.0010216975,-0.00016083405,0.021505298,1.0309637,-0.04908677,3.0875779e-06,0.017366774,0.8546866516760282,-0.0009660078911330937,-0.5191433272956265,0.0010178753853029234,0.9999994648517244,-0.00018500260763814507,0.5191432281909489,-0.00037030395502489716,0.8546871775675948,-4.4626988e-05,-0.016012708,0.10667065,-0.0006312799,-0.0051071784,-0.0062078405,0.523589,-6.264933e-05,-0.01988746,0.004752758,0.99998023444754,-0.0006301763771232491,0.006255684772797812,0.0023514458258436736,0.9602445593533354,-0.2791502407931019,-0.005831073380692526,0.2791594331382201,0.9602270614147347,left_images/camera_left_7.png,right_images/camera_right_7.png
2025-05-27 16:04:37,0.4235384464263916,8,-0.057436846,-1.42646195e-05,0.096725605,-0.00018502922,0.00021758553,-0.027670795,1.027703,0.045141872,-2.9371072e-06,0.02196225,0.8202746760667574,-0.0002663044090375489,0.5719697412324695,0.00017940391933073116,0.9999999622117207,0.00020830456328600934,-0.5719697750911407,-6.825334485696957e-05,0.8202746928460435,0.0005455265,-2.7082801e-06,0.09855149,-0.0010216867,-0.00016083181,0.021505298,1.0313687,-0.04908677,3.0875779e-06,0.017366774,0.8546866516760282,-0.0009660078911330937,-0.5191433272956265,0.0010178753853029234,0.9999994648517244,-0.00018500260763814507,0.5191432281909489,-0.00037030395502489716,0.8546871775675948,-4.462655e-05,-0.016012708,0.10667065,-0.0006312799,-0.0051071784,-0.0062078405,0.523589,-6.264933e-05,-0.01988746,0.004752758,0.99998023444754,-0.0006301763771232491,0.006255684772797812,0.0023514458258436736,0.9602445593533354,-0.2791502407931019,-0.005831073380692526,0.2791594331382201,0.9602270614147347,left_images/camera_left_8.png,right_images/camera_right_8.png
2025-05-27 16:04:37,0.4959380626678467,9,-0.057436846,-1.4264274e-05,0.09672566,-0.00018499875,0.00021756518,-0.027670795,1.0377386,0.045141853,-2.931285e-06,0.021962252,0.8202746231827631,-0.00026598860908580874,0.5719698172215344,0.0001790166314153305,0.9999999622804432,0.0002083078435046706,-0.5719698510546001,-6.847752788656628e-05,0.8202746398587528,0.0005455273,-2.7087265e-06,0.09855149,-0.0010216772,-0.00016082982,0.021505298,1.0381327,-0.04908677,3.0875779e-06,0.017366774,0.8546866516760282,-0.0009660078911330937,-0.5191433272956265,0.0010178753853029234,0.9999994648517244,-0.00018500260763814507,0.5191432281909489,-0.00037030395502489716,0.8546871775675948,-4.4626115e-05,-0.016012708,0.10667065,-0.0006312799,-0.0051071784,-0.0062078405,0.523589,-6.264933e-05,-0.01988746,0.004752758,0.99998023444754,-0.0006301763771232491,0.006255684772797812,0.0023514458258436736,0.9602445593533354,-0.2791502407931019,-0.005831073380692526,0.2791594331382201,0.9602270614147347,left_images/camera_left_9.png,right_images/camera_right_9.png
2025-05-27 16:04:37,0.5453128814697266,10,-0.057436846,-1.4267013e-05,0.09672566,-0.00018500666,0.0002175827,-0.027670795,1.0386608,0.045141842,-2.9371072e-06,0.02196219,0.8202746760667574,-0.0002663044090375489,0.5719697412324695,0.00017940391933073116,0.9999999622117207,0.00020830456328600934,-0.5719697750911407,-6.825334485696957e-05,0.8202746928460435,0.0005455273,-2.7091744e-06,0.09855149,-0.0010216752,-0.0001608274,0.021505298,1.0360343,-0.04908677,3.0875779e-06,0.017366774,0.8546866516760282,-0.0009660078911330937,-0.5191433272956265,0.0010178753853029234,0.9999994648517244,-0.00018500260763814507,0.5191432281909489,-0.00037030395502489716,0.8546871775675948,-4.4625678e-05,-0.016012708,0.10667065,-0.0006312799,-0.0051071784,-0.0062078405,0.523589,-6.264933e-05,-0.01988746,0.004752758,0.99998023444754,-0.0006301763771232491,0.006255684772797812,0.0023514458258436736,0.9602445593533354,-0.2791502407931019,-0.005831073380692526,0.2791594331382201,0.9602270614147347,left_images/camera_left_10.png,right_images/camera_right_10.png
2025-05-27 16:04:37,0.6069707870483398,11,-0.057436846,-1.4260284e-05,0.09672563,-0.00018504428,0.0002175574,-0.027670795,1.0299299,0.045141872,-2.9371072e-06,0.02196222,0.8202746760667574,-0.0002663044090375489,0.5719697412324695,0.00017940391933073116,0.9999999622117207,0.00020830456328600934,-0.5719697750911407,-6.825334485696957e-05,0.8202746928460435,0.0005455273,-2.7096214e-06,0.09855149,-0.001021674,-0.00016082502,0.021505298,1.0343702,-0.04908677,3.0875779e-06,0.017366774,0.8546866516760282,-0.0009660078911330937,-0.5191433272956265,0.0010178753853029234,0.9999994648517244,-0.00018500260763814507,0.5191432281909489,-0.00037030395502489716,0.8546871775675948,-4.462524e-05,-0.016012708,0.10667065,-0.0006312799,-0.0051071784,-0.0062078405,0.523589,-6.264933e-05,-0.01988746,0.004752758,0.99998023444754,-0.0006301763771232491,0.006255684772797812,0.0023514458258436736,0.9602445593533354,-0.2791502407931019,-0.005831073380692526,0.2791594331382201,0.9602270614147347,left_images/camera_left_11.png,right_images/camera_right_11.png
2025-05-27 16:04:37,0.6575698852539062,12,-0.057436846,-1.425564e-05,0.09672571,-0.00018499645,0.00021756475,-0.027670795,1.0410274,0.045141824,-2.9275598e-06,0.021962222,0.8202746231827631,-0.00026598860908580874,0.5719698172215344,0.0001790166314153305,0.9999999622804432,0.0002083078435046706,-0.5719698510546001,-6.847752788656628e-05,0.8202746398587528,0.00054551574,-2.7100677e-06,0.09855153,-0.0010216649,-0.00016082292,0.021505298,1.0437732,-0.04908674,3.0875779e-06,0.017366745,0.8546866516760282,-0.0009660078911330937,-0.5191433272956265,0.0010178753853029234,0.9999994648517244,-0.00018500260763814507,0.5191432281909489,-0.00037030395502489716,0.8546871775675948,-4.4624805e-05,-0.016012708,0.10667065,-0.0006312799,-0.0051071784,-0.0062078405,0.523589,-6.264933e-05,-0.01988746,0.004752758,0.99998023444754,-0.0006301763771232491,0.006255684772797812,0.0023514458258436736,0.9602445593533354,-0.2791502407931019,-0.005831073380692526,0.2791594331382201,0.9602270614147347,left_images/camera_left_12.png,right_images/camera_right_12.png
2025-05-27 16:04:37,0.7097959518432617,13,-0.057436846,-1.4263036e-05,0.09672569,-0.00018500429,0.00021758839,-0.027670795,1.0345454,0.045141853,-2.931285e-06,0.021962222,0.8202746231827631,-0.00026598860908580874,0.5719698172215344,0.0001790166314153305,0.9999999622804432,0.0002083078435046706,-0.5719698510546001,-6.847752788656628e-05,0.8202746398587528,0.00054551347,-2.7105152e-06,0.098551504,-0.0010216596,-0.00016082036,0.021505298,1.0372561,-0.04908674,3.0875779e-06,0.017366745,0.8546866516760282,-0.0009660078911330937,-0.5191433272956265,0.0010178753853029234,0.9999994648517244,-0.00018500260763814507,0.5191432281909489,-0.00037030395502489716,0.8546871775675948,-4.462437e-05,-0.016012708,0.10667065,-0.0006312799,-0.0051071784,-0.0062078405,0.523589,-6.264933e-05,-0.01988746,0.004752758,0.99998023444754,-0.0006301763771232491,0.006255684772797812,0.0023514458258436736,0.9602445593533354,-0.2791502407931019,-0.005831073380692526,0.2791594331382201,0.9602270614147347,left_images/camera_left_13.png,right_images/camera_right_13.png
2025-05-27 16:04:37,0.762415885925293,14,-0.057436846,-1.4273098e-05,0.09672569,-0.00018496205,0.00021757688,-0.027670795,1.027331,0.045141853,-2.931285e-06,0.021962222,0.8202746231827631,-0.00026598860908580874,0.5719698172215344,0.0001790166314153305,0.9999999622804432,0.0002083078435046706,-0.5719698510546001,-6.847752788656628e-05,0.8202746398587528,0.00054551347,-2.7109622e-06,0.098551504,-0.0010216562,-0.00016081781,0.021505298,1.0324411,-0.04908674,3.0875779e-06,0.017366745,0.8546866516760282,-0.0009660078911330937,-0.5191433272956265,0.0010178753853029234,0.9999994648517244,-0.00018500260763814507,0.5191432281909489,-0.00037030395502489716,0.8546871775675948,-4.4623932e-05,-0.016012708,0.10667065,-0.0006312799,-0.0051071784,-0.0062078405,0.523589,-6.264933e-05,-0.01988746,0.004752758,0.99998023444754,-0.0006301763771232491,0.006255684772797812,0.0023514458258436736,0.9602445593533354,-0.2791502407931019,-0.005831073380692526,0.2791594331382201,0.9602270614147347,left_images/camera_left_14.png,right_images/camera_right_14.png
2025-05-27 16:04:37,0.812274694442749,15,-0.057436846,-1.4277141e-05,0.09672569,-0.00018497063,0.00021759437,-0.027670795,1.0313311,0.045141857,-2.9341882e-06,0.02196222,0.8202746436248207,-0.0002660570894841974,0.5719697878732743,0.00017895226524523074,0.9999999622477717,0.00020851988403710616,-0.5719698217583338,-6.868828437546966e-05,0.820274660269144,0.00054552825,-2.6980076e-06,0.098551504,-0.0010217114,-0.00016083107,0.021505298,1.033375,-0.04908674,3.0875779e-06,0.017366745,0.8546866516760282,-0.0009660078911330937,-0.5191433272956265,0.0010178753853029234,0.9999994648517244,-0.00018500260763814507,0.5191432281909489,-0.00037030395502489716,0.8546871775675948,-4.4623495e-05,-0.016012708,0.10667065,-0.0006312799,-0.0051071784,-0.0062078405,0.523589,-6.264933e-05,-0.01988746,0.004752758,0.99998023444754,-0.0006301763771232491,0.006255684772797812,0.0023514458258436736,0.9602445593533354,-0.2791502407931019,-0.005831073380692526,0.2791594331382201,0.9602270614147347,left_images/camera_left_15.png,right_images/camera_right_15.png
2025-05-27 16:04:37,0.8609960079193115,16,-0.057436846,-1.4280204e-05,0.09672569,-0.00018498296,0.00021761224,-0.027670795,1.0383183,0.045141857,-2.9341882e-06,0.02196222,0.8202746436248207,-0.0002660570894841974,0.5719697878732743,0.00017895226524523074,0.9999999622477717,0.00020851988403710616,-0.5719698217583338,-6.868828437546966e-05,0.820274660269144,0.00054554606,-2.696246e-06,0.09855149,-0.0010217064,-0.00016082854,0.021505298,1.0252627,-0.04908677,3.0875779e-06,0.017366774,0.8546866516760282,-0.0009660078911330937,-0.5191433272956265,0.0010178753853029234,0.9999994648517244,-0.00018500260763814507,0.5191432281909489,-0.00037030395502489716,0.8546871775675948,-4.462306e-05,-0.016012708,0.10667065,-0.0006312799,-0.0051071784,-0.0062078405,0.523589,-6.264933e-05,-0.01988746,0.004752758,0.99998023444754,-0.0006301763771232491,0.006255684772797812,0.0023514458258436736,0.9602445593533354,-0.2791502407931019,-0.005831073380692526,0.2791594331382201,0.9602270614147347,left_images/camera_left_16.png,right_images/camera_right_16.png
2025-05-27 16:04:37,0.9129467010498047,17,-0.057436846,-1.4277939e-05,0.096725695,-0.00018499517,0.00021762379,-0.027670795,1.0466118,0.045141857,-2.9304629e-06,0.02196222,0.8202746436248207,-0.0002660570894841974,0.5719697878732743,0.00017895226524523074,0.9999999622477717,0.00020851988403710616,-0.5719698217583338,-6.868828437546966e-05,0.820274660269144,0.00054554973,-2.6966911e-06,0.09855149,-0.0010216952,-0.00016082638,0.021505298,1.0267019,-0.04908677,3.0875779e-06,0.017366774,0.8546866516760282,-0.0009660078911330937,-0.5191433272956265,0.0010178753853029234,0.9999994648517244,-0.00018500260763814507,0.5191432281909489,-0.00037030395502489716,0.8546871775675948,-4.4622622e-05,-0.016012708,0.10667065,-0.0006312799,-0.0051071784,-0.0062078405,0.523589,-6.264933e-05,-0.01988746,0.004752758,0.99998023444754,-0.0006301763771232491,0.006255684772797812,0.0023514458258436736,0.9602445593533354,-0.2791502407931019,-0.005831073380692526,0.2791594331382201,0.9602270614147347,left_images/camera_left_17.png,right_images/camera_right_17.png
2025-05-27 16:04:37,0.9618074893951416,18,-0.057436846,-1.4290777e-05,0.09672561,-0.00018500125,0.00021765413,-0.027670795,1.019947,0.045141887,-2.9379135e-06,0.02196231,0.8202746436248207,-0.0002660570894841974,0.5719697878732743,0.00017895226524523074,0.9999999622477717,0.00020851988403710616,-0.5719698217583338,-6.868828437546966e-05,0.820274660269144,0.00054556533,-2.6919172e-06,0.09855143,-0.0010216886,-0.00016082995,0.021505298,1.005013,-0.049086798,3.0913031e-06,0.017366804,0.8546866516760282,-0.0009660078911330937,-0.5191433272956265,0.0010178753853029234,0.9999994648517244,-0.00018500260763814507,0.5191432281909489,-0.00037030395502489716,0.8546871775675948,-4.4622062e-05,-0.016012708,0.10667065,-0.0006312715,-0.0051071784,-0.006207841,0.49692392,-6.264933e-05,-0.01988746,0.004752758,0.99998023444754,-0.0006301763771232491,0.006255684772797812,0.0023514458258436736,0.9602445593533354,-0.2791502407931019,-0.005831073380692526,0.2791594331382201,0.9602270614147347,left_images/camera_left_18.png,right_images/camera_right_18.png
2025-05-27 16:04:37,1.014585256576538,19,-0.057436846,-1.4303268e-05,0.09672561,-0.00018494546,0.00021767696,-0.027670795,0.99328226,0.045141887,-2.9379135e-06,0.02196231,0.8202746436248207,-0.0002660570894841974,0.5719697878732743,0.00017895226524523074,0.9999999622477717,0.00020851988403710616,-0.5719698217583338,-6.868828437546966e-05,0.820274660269144,0.0005455733,-2.691502e-06,0.09855143,-0.001021679,-0.00016082771,0.021505298,0.9783483,-0.049086798,3.0913031e-06,0.017366804,0.8546866516760282,-0.0009660078911330937,-0.5191433272956265,0.0010178753853029234,0.9999994648517244,-0.00018500260763814507,0.5191432281909489,-0.00037030395502489716,0.8546871775675948,-4.4621625e-05,-0.016012708,0.10667065,-0.0006312715,-0.0051071784,-0.006207841,0.4702556,-6.264933e-05,-0.01988746,0.004752758,0.99998023444754,-0.0006301763771232491,0.006255684772797812,0.0023514458258436736,0.9602445593533354,-0.2791502407931019,-0.005831073380692526,0.2791594331382201,0.9602270614147347,left_images/camera_left_19.png,right_images/camera_right_19.png
2025-05-27 16:04:38,1.0632686614990234,20,-0.057436846,-1.4307595e-05,0.09672561,-0.00018495794,0.00021769483,-0.027670795,0.9666175,0.045141887,-2.9379135e-06,0.02196231,0.8202746436248207,-0.0002660570894841974,0.5719697878732743,0.00017895226524523074,0.9999999622477717,0.00020851988403710616,-0.5719698217583338,-6.868828437546966e-05,0.820274660269144,0.0005455803,-2.6919486e-06,0.09855143,-0.0010216702,-0.00016082542,0.021505298,0.9516836,-0.049086798,3.0913031e-06,0.017366804,0.8546866516760282,-0.0009660078911330937,-0.5191433272956265,0.0010178753853029234,0.9999994648517244,-0.00018500260763814507,0.5191432281909489,-0.00037030395502489716,0.8546871775675948,-4.462119e-05,-0.016012708,0.10667065,-0.0006312715,-0.0051071784,-0.006207841,0.4435873,-6.264933e-05,-0.01988746,0.004752758,0.99998023444754,-0.0006301763771232491,0.006255684772797812,0.0023514458258436736,0.9602445593533354,-0.2791502407931019,-0.005831073380692526,0.2791594331382201,0.9602270614147347,left_images/camera_left_20.png,right_images/camera_right_20.png
2025-05-27 16:04:38,1.1292695999145508,21,-0.057436846,-1.4310663e-05,0.09672561,-0.00018497043,0.0002177127,-0.027670795,0.9399528,0.045141887,-2.9379135e-06,0.02196231,0.8202746436248207,-0.0002660570894841974,0.5719697878732743,0.00017895226524523074,0.9999999622477717,0.00020851988403710616,-0.5719698217583338,-6.868828437546966e-05,0.820274660269144,0.0005455873,-2.6923956e-06,0.09855143,-0.0010216613,-0.00016082315,0.021505298,0.92501885,-0.049086798,3.0913031e-06,0.017366804,0.8546866516760282,-0.0009660078911330937,-0.5191433272956265,0.0010178753853029234,0.9999994648517244,-0.00018500260763814507,0.5191432281909489,-0.00037030395502489716,0.8546871775675948,-0.0020561772,-0.009768205,0.106676415,-0.012878288,-0.046963356,0.022581745,0.4169209,-2.6142181e-05,-0.019805701,0.004789697,0.9997202888736023,-0.012747195892966294,-0.019921169929181134,0.005863633627644874,0.9496100996627829,-0.3133788065889588,0.022912045198142387,0.3131743406080799,0.9494192280386639,left_images/camera_left_21.png,right_images/camera_right_21.png
2025-05-27 16:04:38,1.1869122982025146,22,-0.0598089,-0.003584088,0.0967211,0.047914293,0.022537112,0.004027588,0.9132863,0.045177035,-5.96014e-05,0.021945158,0.8356438221757535,0.029512748964667906,0.5484782585554748,-0.04781912894050379,0.9986730232969507,0.01911866748232887,-0.5471861962502977,-0.042204148936767806,0.8359462162398092,0.003821698,-0.002785425,0.09854842,-0.07539295,0.017228125,-0.022710573,0.89835083,-0.04913679,-4.9981492e-05,0.017344132,0.8726832053561998,-0.05779295583688639,-0.4848546146473854,0.07497473861401845,0.9970554456309082,0.016100525069412785,0.48249643693916383,-0.05040250582448136,0.8744465539686371,-0.0037587255,-0.0035154736,0.106719226,-0.021663515,-0.08001411,0.04420658,0.39025438,-3.2349693e-05,-0.01987369,0.004765355,0.9990239114369299,-0.021278554840663426,-0.038709785341050316,0.006896604770571847,0.9407179937702964,-0.33911958516049645,0.04363096629569233,0.33852160832165734,0.939946519478328,left_images/camera_left_22.png,right_images/camera_right_22.png
2025-05-27 16:04:38,1.253103494644165,23,-0.061224744,-0.0049778605,0.09660344,0.13425271,0.03254881,0.052170362,0.8866177,0.045452856,-0.00016326335,0.021923156,0.8536808817482792,0.09628300760046755,0.5118188493841241,-0.1322432367887784,0.9906265227984987,0.034217227412260735,-0.5037267895011218,-0.09689517416034496,0.8584117000386986,0.008753405,-0.0044942684,0.09855821,-0.182049,0.030947676,-0.10084649,0.87168324,-0.049269024,-0.0002729821,0.017309416,0.8941458774380092,-0.14243081570040056,-0.4245192723534832,0.17751185106058964,0.983133052134072,0.044033447907097,0.41108720801510634,-0.11472952776187352,0.9043475232817757,-0.005001094,0.0012546884,0.10677346,-0.02895749,-0.10434799,0.061297543,0.3635879,-3.3269578e-05,-0.019938141,0.0047343746,0.9981802498896672,-0.028280590936145978,-0.05325783422655753,0.007357469165088382,0.9337225422906887,-0.3579218932472524,0.059850283020933814,0.356878721969404,0.9322314741671184,left_images/camera_left_23.png,right_images/camera_right_23.png
2025-05-27 16:04:38,1.3029594421386719,24,-0.06000864,-0.0042489823,0.09646572,0.20345701,0.0337809,0.11043689,0.859949,0.046052963,-0.0003925679,0.021745088,0.8730626795533408,0.15216960887057698,0.46325583397008224,-0.19764591882287522,0.9789498624022878,0.05092403828452111,-0.4457551439342032,-0.13602050227343515,0.8847602921794583,0.012714283,-0.002168441,0.09861513,-0.28621626,0.030976571,-0.18102467,0.8450153,-0.049487114,-0.0007953963,0.01723118,0.9040897284905214,-0.22777241410108773,-0.36158192738644723,0.2727514006650581,0.9589237508022426,0.07792248444837852,0.32898090563615445,-0.1690708949580662,0.9290783584848451,-0.005900817,0.0048155915,0.10682373,-0.03524816,-0.12214797,0.075712614,0.3369215,-2.1822576e-05,-0.019991122,0.004707587,0.9972655223444483,-0.03428632781222969,-0.06546698151134546,0.007518225635087599,0.9283375042834818,-0.37166241997815197,0.07351839379607279,0.37015392185666307,0.926056758469899,left_images/camera_left_24.png,right_images/camera_right_24.png
2025-05-27 16:04:38,1.353083610534668,25,-0.056047715,-0.0017063082,0.09649295,0.26591903,0.02529517,0.15367062,0.8332813,0.0467078,-0.0006514213,0.021346241,0.8820814365813519,0.20681496649935763,0.4232728539257485,-0.2562244886228947,0.9645845254500689,0.06265544423432988,-0.39532436133953913,-0.1637200748049386,0.9038331629439974,0.014350342,0.0028990335,0.09871488,-0.38094977,0.020568665,-0.23943466,0.8183472,-0.049747743,-0.0014599839,0.017089413,0.8979771554161864,-0.3072630499568547,-0.3150022959945937,0.35597842949540714,0.928052296267411,0.10953672044921262,0.25868201731979296,-0.2104954952582048,0.9427487790452797,-0.0065555186,0.007452953,0.10686236,-0.04060389,-0.13525139,0.08759736,0.31025505,-5.2092946e-06,-0.020031726,0.0046911966,0.9963690717400893,-0.03938545951411836,-0.07548151070728987,0.007607262250352704,0.9242042133745523,-0.38182286670887,0.08479859928588049,0.3798622876248534,0.9211481096976566,left_images/camera_left_25.png,right_images/camera_right_25.png
2025-05-27 16:04:38,1.4043104648590088,26,-0.049841482,0.0016444457,0.096726745,0.31781963,0.012672214,0.18302713,0.80661416,0.047363393,-0.0009122639,0.020703929,0.8841835363347841,0.25472971540329836,0.39157661595793797,-0.30478608860382794,0.9498206315957027,0.07032928258357268,-0.354012590550245,-0.1815310989491748,0.917453838536964,0.013391555,0.009394086,0.09888051,-0.46345803,0.00586896,-0.27948385,0.7916793,-0.05009175,-0.0021935282,0.016815264,0.8825356320738759,-0.37676796478367264,-0.28138365061377246,0.42563903805124187,0.8944021196826536,0.13739089341724828,0.19990564626037416,-0.24102022533377856,0.9497088941213917,-0.007043299,0.009377944,0.10688852,-0.04474284,-0.14461863,0.096983805,0.2835886,1.032179e-05,-0.020065691,0.004682635,0.9955770209224546,-0.043310263260555676,-0.08337035748677027,0.007491053890279813,0.9211709873479474,-0.3890859753062564,0.09364977054314352,0.38674052433732514,0.9174211068601525,left_images/camera_left_26.png,right_images/camera_right_26.png
2025-05-27 16:04:38,1.4560682773590088,27,-0.042372525,0.0055076666,0.09714336,0.36580694,-0.0040610703,0.20195039,0.77994895,0.04798651,-0.0011478318,0.019866642,0.880485465926275,0.3013040432803754,0.36600712806650115,-0.350083716391422,0.9338360512381002,0.07342765777009869,-0.31966660102388067,-0.19278512108285228,0.9277107099084871,0.009656747,0.016430594,0.0991457,-0.5337659,-0.009340121,-0.3052776,0.7650142,-0.050541673,-0.0029455577,0.016352989,0.8626605147252285,-0.43562382513982906,-0.2569994538993173,0.48266743256078853,0.8608970818292612,0.16089861417376747,0.1511588101275619,-0.2628461479048264,0.9529233529788288,-0.0074182707,0.010792414,0.106907845,-0.04783742,-0.15120217,0.10396603,0.25692204,1.9873783e-05,-0.020095753,0.0046756444,0.9949412272463689,-0.04623385562033053,-0.08918735852108092,0.007372982013921406,0.9190134119725897,-0.3941573134558355,0.10018779098129565,0.3915057843876356,0.914705213349804,left_images/camera_left_27.png,right_images/camera_right_27.png
2025-05-27 16:04:38,1.5130255222320557,28,-0.035040975,0.009886606,0.09768898,0.41338518,-0.023908062,0.21587828,0.75328386,0.048537336,-0.0013937878,0.01893334,0.872300824081917,0.3483776048276086,0.343109773630229,-0.3949401212442598,0.9156961421487532,0.07431605402239565,-0.28829424714617136,-0.20033377076386516,0.9363507928943903,0.003831559,0.02330022,0.09949399,-0.5969278,-0.023061367,-0.3209661,0.7383491,-0.051064372,-0.0036792867,0.015743628,0.8396455239414057,-0.4874380723299252,-0.23958196878823995,0.53192005951827,0.8271594494459027,0.18129615405306154,0.10980184154759248,-0.27966295935578955,0.9537988177582942,-0.0077109328,0.011821519,0.10691541,-0.049862165,-0.15636142,0.10841785,0.2302553,1.8622784e-05,-0.020113284,0.0046796147,0.9945244699640946,-0.0481206103284968,-0.09276575609700667,0.007244515810040937,0.9172875037757663,-0.3981597071622158,0.10425255696295622,0.3953075287398867,0.9126134790195951,left_images/camera_left_28.png,right_images/camera_right_28.png
2025-05-27 16:04:38,1.574986219406128,29,-0.028604122,0.014948096,0.09830417,0.45734075,-0.043856744,0.22523074,0.7266189,0.048972905,-0.0017102163,0.017997883,0.8613183152988062,0.3914995297156887,0.3238192056738159,-0.4358122473091406,0.8969222508704748,0.07482085931608762,-0.26114831959287615,-0.20556895224190808,0.9431558519396365,-0.0031393054,0.029961456,0.0998821,-0.65246665,-0.036018256,-0.329434,0.71168405,-0.0516307,-0.0043747253,0.015058098,0.8155486505462508,-0.5324261847500731,-0.22672175983938944,0.5738086565740317,0.7947958171870564,0.19759360977183363,0.07499349460382296,-0.29124211023552177,0.9537054099629854,-0.007916113,0.0124276895,0.10689217,-0.051479883,-0.16043065,0.11156558,0.20358875,1.7076323e-05,-0.020112962,0.004717078,0.9942171981631351,-0.04962694511918023,-0.0952330257567355,0.007255569046937353,0.9158295789212842,-0.40150160534008833,0.10714252001166624,0.3984888313252967,0.910893589676944,left_images/camera_left_29.png,right_images/camera_right_29.png
2025-05-27 16:04:38,1.629481315612793,30,-0.02457326,0.020308321,0.09886102,0.4989113,-0.062499482,0.23669106,0.699954,0.049266256,-0.0021070696,0.017234296,0.8495128210164322,0.43079253181315263,0.3045418878622725,-0.47313948498803765,0.8774770461001347,0.07856883168684951,-0.233381650251166,-0.2108360218307011,0.9492529574484593,-0.009908189,0.035724208,0.10023652,-0.7020377,-0.04755946,-0.3328613,0.68501914,-0.052165236,-0.004973381,0.014421259,0.7909371147964985,-0.5716947785143494,-0.2181365642363049,0.6101356708049905,0.7638761903245024,0.21030365918516225,0.04639982380068618,-0.29942986837447216,0.9529894072215659,-0.008033553,0.012630791,0.10683201,-0.053513773,-0.16335747,0.11433917,0.17692228,2.1530956e-05,-0.020098172,0.0047939,0.9939094566226053,-0.051567691875006774,-0.09738975916821063,0.00784774600982913,0.9146339196974979,-0.40420688492572276,0.10991999326202179,0.4009807552657305,0.9094679922832918,left_images/camera_left_30.png,right_images/camera_right_30.png
2025-05-27 16:04:38,1.684676170349121,31,-0.023368202,0.025455996,0.09930593,0.53510046,-0.080410846,0.25408694,0.67328596,0.0494301,-0.002531342,0.016701125,0.8393256987221809,0.46449379271987534,0.282449797290117,-0.5043803393269198,0.8592047540586253,0.08583509715447539,-0.20281233878880228,-0.21450572749407526,0.955434167332974,-0.015310912,0.040654782,0.10052515,-0.7462982,-0.058630873,-0.3341518,0.6583544,-0.052605543,-0.0054777814,0.01390729,0.7666855192277868,-0.6060118295155488,-0.21199758747126468,0.6416349349250172,0.7347215320517937,0.22020190876383064,0.022314230665386736,-0.30485067299693275,0.9521387200839642,-0.008061304,0.012297394,0.10670699,-0.055554584,-0.16545245,0.11734606,0.15025589,3.8999075e-05,-0.020056752,0.0049443254,0.9935564447853259,-0.05353572052082316,-0.09989753577471185,0.008338094461093126,0.9135472667599086,-0.40664710447297936,0.11303126649870561,0.4031938963127004,0.9081071604000719,left_images/camera_left_31.png,right_images/camera_right_31.png
2025-05-27 16:04:38,1.7349779605865479,32,-0.024937414,0.030822594,0.099671185,0.5717337,-0.105681986,0.27782857,0.6466181,0.04951936,-0.002923598,0.016342828,0.8275783738212523,0.5006278041783697,0.2539406168121116,-0.5360079851577358,0.8391259751393928,0.09253668296145001,-0.16676173131302136,-0.21269555597122214,0.9627830105686207,-0.019021653,0.045134973,0.10076175,-0.79075927,-0.07140623,-0.33387554,0.6316896,-0.052935205,-0.005915481,0.013510249,0.7399822497334914,-0.639802796035622,-0.20755397434007672,0.6726263212508415,0.7040182045580705,0.22788637434342277,0.0003194368804503439,-0.30823813819161194,0.9513091758856571,-0.008018527,0.011498662,0.106512226,-0.057388533,-0.16723517,0.12029009,0.12358944,6.5058994e-05,-0.01998932,0.0051736003,0.9931986260142974,-0.05531103900698553,-0.1024557379909963,0.008599103013780193,0.912402367073102,-0.40920407620985294,0.11611436048426721,0.4055398988057383,0.9066724026714177,left_images/camera_left_32.png,right_images/camera_right_32.png
2025-05-27 16:04:38,1.7895309925079346,33,-0.02729574,0.0358286,0.09999478,0.6042529,-0.13350984,0.29519722,0.6199499,0.049552,-0.0032280409,0.016066946,0.8136999346222706,0.5340850037736619,0.22944634479503134,-0.5647431827803427,0.8198483110251488,0.09441336988128035,-0.1376864332417726,-0.20640241193672798,0.9687313819877317,-0.021409098,0.048669115,0.100989886,-0.8340699,-0.08445398,-0.33281034,0.6050248,-0.05315601,-0.0062566656,0.013176782,0.7120461208279983,-0.6717235698555022,-0.20439610445010892,0.7018570162001705,0.6727834171059159,0.23400684280140302,-0.019673602222091746,-0.3100805046562381,0.9505067227577823,-0.007940885,0.010436648,0.10627832,-0.058967516,-0.16851594,0.12261921,0.09692255,9.064312e-05,-0.019913273,0.005444549,0.9928986912140347,-0.05684642910781489,-0.10450202143091311,0.008866624496967908,0.911360743464817,-0.4115130353236527,0.11863208653432095,0.4076641740071676,0.9053929253509589,left_images/camera_left_33.png,right_images/camera_right_33.png
2025-05-27 16:04:38,1.8411548137664795,34,-0.029443765,0.04004485,0.100279815,0.6258266,-0.15831257,0.30377224,0.59328395,0.049538467,-0.003434117,0.015840897,0.802146646321731,0.5580891563466192,0.21236113430455822,-0.5848638621253955,0.8060138182558538,0.09097245495415529,-0.12039526807381579,-0.19717560282382418,0.9729474605940938,-0.023135224,0.050557613,0.101218805,-0.8760159,-0.095291905,-0.33195126,0.57835996,-0.053295866,-0.0064637996,0.012876393,0.6837013976509547,-0.7010055488894122,-0.20283889981062564,0.7287609659655383,0.6413066017485698,0.24006935880840147,-0.03820802710304182,-0.3119568287118512,0.9493277008941318,-0.007847561,0.008944455,0.105981134,-0.060413014,-0.16955319,0.1245913,0.07025568,0.00011564733,-0.019812832,0.0057877293,0.9926323851659733,-0.05825371997207799,-0.10624242104322333,0.009110871778967904,0.910244135020804,-0.4139717462287194,0.12082193482616486,0.4099538007747248,0.9040685490023526,left_images/camera_left_34.png,right_images/camera_right_34.png
2025-05-27 16:04:38,1.8905730247497559,35,-0.031010078,0.043872464,0.10054392,0.63387984,-0.18031421,0.30536243,0.5666188,0.049508214,-0.0035613887,0.015627485,0.7957573048410258,0.5713399446283802,0.2008506396907563,-0.5947601782563601,0.7997756275285909,0.08135893295583066,-0.11415183814818516,-0.1841999274790517,0.976237545151846,-0.025244376,0.05017949,0.10142978,-0.9285912,-0.09972084,-0.33105454,0.55169487,-0.053383917,-0.006550158,0.01260557,0.6478116787296904,-0.733057209155966,-0.207285206915223,0.7594766819150294,0.6002307205991078,0.2508351085402782,-0.05945753550861066,-0.31992219390586557,0.9455763276001045,-0.007773097,0.007224412,0.105652325,-0.0612354,-0.1695024,0.12634297,0.043588974,0.0001400222,-0.019716393,0.006159772,0.9924040502886067,-0.05906229041755991,-0.10791592478128777,0.008937602166015246,0.9095110520542182,-0.41558364435905226,0.1226960481771552,0.4114623822925505,0.9031303270956237,left_images/camera_left_35.png,right_images/camera_right_35.png
2025-05-27 16:04:38,1.9433953762054443,36,-0.031796,0.047052648,0.10079931,0.6393782,-0.19797239,0.3022309,0.53995353,0.049474925,-0.003652027,0.015404653,0.7902429270624147,0.5811490895646544,0.1943755435387904,-0.602220437650859,0.7951728941731385,0.070926813321354,-0.11334311052478982,-0.17310633746483023,0.9783596144700972,-0.026734741,0.04899035,0.101618655,-0.9808479,-0.10452867,-0.3303661,0.5250298,-0.053427607,-0.0065504685,0.012377926,0.610281126572608,-0.7631979935460916,-0.21233409805419468,0.7880984531706442,0.5577274085048569,0.2604629837663971,-0.08036028035856034,-0.32629581739531444,0.9418456693593793,-0.007924455,0.0049940017,0.105263636,-0.062837966,-0.16794282,0.1290602,0.01692234,0.0001485201,-0.019607795,0.0065953108,0.9920498029338504,-0.060625643120093095,-0.11028018813542174,0.009270058483606038,0.9091348614364172,-0.4163986908441201,0.12550400198646827,0.4120659354002241,0.9024690633856205,left_images/camera_left_36.png,right_images/camera_right_36.png
2025-05-27 16:04:38,1.9967668056488037,37,-0.031791627,0.049441747,0.10104443,0.646427,-0.20968935,0.2962923,0.5132882,0.049439173,-0.00374019,0.015170931,0.784249655167189,0.5898353530449982,0.19247528326626137,-0.6097289508589672,0.7900893586165034,0.06316179134085388,-0.11481761561088319,-0.16689236561102666,0.9792669980379136,-0.02776328,0.047956627,0.101764515,-1.0223278,-0.109000824,-0.3296219,0.49836487,-0.0534562,-0.0065354565,0.012204732,0.5792364078163361,-0.7859148969195967,-0.21638613324306796,0.8093695789090355,0.5229063929837261,0.2673757448112289,-0.09698488849628875,-0.33001011950637,0.9389820298742431,-0.008351529,0.002568285,0.10485023,-0.06565708,-0.16558225,0.13263439,0.0013095364,0.00013283535,-0.019499253,0.0070560332,0.9915652734643045,-0.06335499785879256,-0.11306835413134766,0.010543465377648154,0.908923252653382,-0.41683012861815427,0.12917872811531234,0.4121221481943298,0.9019247148017409,left_images/camera_left_37.png,right_images/camera_right_37.png
