Epoch Time (Seconds),Time (Seconds),Frame Number,PSM1_joint_1,PSM1_joint_2,PSM1_joint_3,PSM1_joint_4,PSM1_joint_5,PSM1_joint_6,PSM1_jaw_angle,PSM1_ee_x,PSM1_ee_y,PSM1_ee_z,"PSM1_Orientation_Matrix_[1,1]","PSM1_Orientation_Matrix_[1,2]","PSM1_Orientation_Matrix_[1,3]","PSM1_Orientation_Matrix_[2,1]","PSM1_Orientation_Matrix_[2,2]","PSM1_Orientation_Matrix_[2,3]","PSM1_Orientation_Matrix_[3,1]","PSM1_Orientation_Matrix_[3,2]","PSM1_Orientation_Matrix_[3,3]",PSM2_joint_1,PSM2_joint_2,PSM2_joint_3,PSM2_joint_4,PSM2_joint_5,PSM2_joint_6,PSM2_jaw_angle,PSM2_ee_x,PSM2_ee_y,PSM2_ee_z,"PSM2_Orientation_Matrix_[1,1]","PSM2_Orientation_Matrix_[1,2]","PSM2_Orientation_Matrix_[1,3]","PSM2_Orientation_Matrix_[2,1]","PSM2_Orientation_Matrix_[2,2]","PSM2_Orientation_Matrix_[2,3]","PSM2_Orientation_Matrix_[3,1]","PSM2_Orientation_Matrix_[3,2]","PSM2_Orientation_Matrix_[3,3]",Camera Left,Camera Right
2025-06-02 14:22:00,0.0010552406311035156,1,-0.07672277,0.06401493,0.11569941,0.12913539,-0.12963277,0.096962556,0.00072348013,0.034195952,-0.0053355303,0.0018008305,0.872215881874004,0.1427046881248367,0.4678406004120918,-0.13415286846030441,0.9896083976702601,-0.05175159074243612,-0.47036418155576615,-0.017623599169676728,0.882296404538566,0.037262835,-0.02056073,0.10685923,-0.0457164,0.042342305,-0.012353358,0.19262731,-0.04173197,0.0014707248,0.0071308725,0.8518337031028356,-0.027059061801603806,-0.523112941373588,0.0454186010285165,0.998719141007506,0.02229861129850008,0.5218395279573236,-0.04275376661355279,0.85197160897628,left_images/camera_left_1.png,right_images/camera_right_1.png
2025-06-02 14:22:00,0.05559587478637695,2,-0.08238152,0.069439374,0.11596293,0.14241976,-0.14864346,0.11070982,0.0004546721,0.033699654,-0.0056853658,0.0019004801,0.8749395953552271,0.160836569455397,0.45674095766139855,-0.14930585220920764,0.9868762867671435,-0.06150574861570093,-0.46063919392048525,-0.014380283116643057,0.8874709800786567,0.038022347,-0.021853395,0.10695847,-0.048002385,0.042442143,-0.012810315,0.21929389,-0.041611608,0.0016124588,0.007091568,0.8515289019300917,-0.02959049785805331,-0.5234719969723736,0.04770524719611401,0.9986374835539635,0.02115149713293945,0.5221328744368523,-0.04298347214359994,0.8517803018119111,left_images/camera_left_2.png,right_images/camera_right_2.png
2025-06-02 14:22:00,0.1120152473449707,3,-0.08896995,0.07455256,0.11620278,0.15834086,-0.16838032,0.12458231,0.0007014256,0.03314528,-0.005996421,0.0020805607,0.8767213899542238,0.1815803553347387,0.44540787931203407,-0.16740585109593686,0.9833027785499902,-0.07135073030259453,-0.45092669627732007,-0.012009173675927753,0.8924801926833125,0.038766112,-0.022706034,0.10708273,-0.04873623,0.04206462,-0.013207451,0.24596049,-0.041479852,0.0017157029,0.0070293657,0.8512880369879252,-0.03083419581855145,-0.5237918770365457,0.048445312637355166,0.9986266036148842,0.019948890597467323,0.5224573951670255,-0.0423575131567474,0.8516126533315849,left_images/camera_left_3.png,right_images/camera_right_3.png
2025-06-02 14:22:00,0.16130638122558594,4,-0.09613034,0.07876372,0.11636231,0.17598298,-0.18860233,0.14044616,0.0015361232,0.032613534,-0.0062014894,0.0023542196,0.8784623124140601,0.20434963307984705,0.43190877871174865,-0.1877552431195324,0.9788497077276116,-0.08124788220436774,-0.439376756723962,-0.00971993527249062,0.8982502927965185,0.038848877,-0.02319266,0.107184194,-0.051061478,0.042554658,-0.013681229,0.27262706,-0.04142041,0.001761995,0.006948094,0.8513549055887882,-0.03278837256940952,-0.523564463417978,0.05075632851586546,0.998510757415202,0.020001560981813646,0.5221289302897275,-0.043602636965776057,0.8517512490182422,left_images/camera_left_4.png,right_images/camera_right_4.png
2025-06-02 14:22:00,0.21688175201416016,5,-0.103980035,0.08310679,0.11662652,0.19307685,-0.20654958,0.15725058,0.0030897488,0.031965286,-0.0064830044,0.0025928859,0.8799994356144714,0.22520003524433424,0.4181936602151715,-0.20754547754278962,0.9742669136431807,-0.08791391091133621,-0.4272304624786804,-0.0094300109300881,0.9040935830012904,0.039089352,-0.023681428,0.10723707,-0.054293137,0.042873442,-0.01390877,0.2992261,-0.041369684,0.0018106744,0.0069186995,0.8511523053046527,-0.0355921813450114,-0.5237107501299544,0.05397969729716285,0.9983441054332937,0.019880629424236455,0.522135945376568,-0.045191191328631385,0.8516641420020084,left_images/camera_left_5.png,right_images/camera_right_5.png
2025-06-02 14:22:00,0.2697148323059082,6,-0.11148435,0.08719388,0.11691463,0.21006396,-0.22342423,0.17443275,0.0014484837,0.03134504,-0.0067670494,0.0027933,0.8814100241338064,0.24536591367717606,0.4036235099220652,-0.22730504467193594,0.9693805307531814,-0.09291826119428667,-0.4140637463279442,-0.009846573111751064,0.9101946269753646,0.038712647,-0.024203984,0.10725418,-0.058321718,0.04444654,-0.014216073,0.31270227,-0.041394923,0.0018391617,0.0068848375,0.8512539076001444,-0.038441791497055885,-0.5233440679533705,0.057979020510063387,0.9980970663679833,0.020992362618807936,0.5215411948985227,-0.04821280715870792,0.8518628453276377,left_images/camera_left_6.png,right_images/camera_right_6.png
2025-06-02 14:22:00,0.3309447765350342,7,-0.120736405,0.09122181,0.11708037,0.23138858,-0.24721226,0.19181521,0.0018244104,0.030687816,-0.0069357273,0.0032073539,0.8806580218653772,0.2725054657625415,0.3875335077818447,-0.25256654186683564,0.9621248020564378,-0.10259633130520968,-0.4008136605126985,-0.007525715740094106,0.9161286880940966,0.038339667,-0.02491298,0.10716695,-0.062422138,0.045034725,-0.014728974,0.32364434,-0.04147756,0.001903627,0.006937758,0.8514335054233624,-0.04197870431407312,-0.5227798525446412,0.06206043616247772,0.99785251241461,0.020949122443998797,0.5207777722846936,-0.05028073042391336,0.8522102792399477,left_images/camera_left_7.png,right_images/camera_right_7.png
2025-06-02 14:22:00,0.3884847164154053,8,-0.13161302,0.09616969,0.11736876,0.2533351,-0.2679961,0.21247062,0.0005535281,0.02983639,-0.0073042186,0.0036376212,0.8800055731364405,0.2976211606943387,0.3701510988174418,-0.2781476956078008,0.9546376997427618,-0.10630485246647417,-0.3849987671108508,-0.009407812540822444,0.9228691361110315,0.03801924,-0.025519961,0.10708447,-0.07227654,0.050534062,-0.014202242,0.33589816,-0.041535676,0.0018668243,0.00700231,0.8506192953565884,-0.04767587315870449,-0.5236161050670771,0.07182948042379392,0.9970805368945272,0.025902291176058353,0.5208525128182728,-0.05964406143679876,0.851560476904732,left_images/camera_left_8.png,right_images/camera_right_8.png
2025-06-02 14:22:01,0.439455509185791,9,-0.14041293,0.09988202,0.117769845,0.26950896,-0.2843974,0.23151657,0.0011001694,0.029066695,-0.0076060994,0.003856958,0.8800623909751049,0.3164585817092569,0.3540397633794085,-0.2976479824508602,0.9485498279874525,-0.10797639727230718,-0.3699944141931259,-0.010353254924916469,0.9289762879526827,0.037536044,-0.026266512,0.10699883,-0.08426513,0.056307394,-0.014482826,0.35027212,-0.041613728,0.0018400074,0.007059506,0.8500408122735973,-0.05509827204407304,-0.5238270686848863,0.08369507404520525,0.9960074803055969,0.031052113549062486,0.5200247609968307,-0.07023730912452142,0.85125846154804,left_images/camera_left_9.png,right_images/camera_right_9.png
2025-06-02 14:22:01,0.4915952682495117,10,-0.15019336,0.10474547,0.1180148,0.28446364,-0.30320555,0.25230408,3.3307964e-07,0.028337402,-0.008002423,0.0042825444,0.8801292258694502,0.3348256251353462,0.3365476883343087,-0.3165065682808613,0.9422272531718094,-0.10968771861689589,-0.3538306628961301,-0.009980187023874272,0.9352562525112856,0.037031945,-0.027017126,0.10700475,-0.1007079,0.06322837,-0.0149401855,0.34467298,-0.04163879,0.0017947339,0.0070435023,0.8490063810853836,-0.06563739581147303,-0.5242898980024204,0.09995335199148885,0.994289692690082,0.037380936798424066,0.5188424542208991,-0.08414118659342917,0.8507189714686536,left_images/camera_left_10.png,right_images/camera_right_10.png
2025-06-02 14:22:01,0.5454506874084473,11,-0.16091213,0.10793717,0.11834596,0.302009,-0.31763786,0.2717868,3.1074055e-07,0.027439587,-0.008301494,0.004708778,0.8784064898171099,0.35345557100375996,0.3216693923480908,-0.33696364451552324,0.9353484760216055,-0.10760451049503642,-0.3389063896151857,-0.013870390422273123,0.9407178489576639,0.036354065,-0.028487006,0.10708748,-0.1211787,0.073774286,-0.0153098395,0.36016542,-0.041626204,0.0017655115,0.00696632,0.8472753871526354,-0.07796502076866706,-0.5254006793504298,0.1201339422829411,0.9916644865879385,0.04657662452174194,0.517389847442826,-0.10258168246242441,0.8495791571044263,left_images/camera_left_11.png,right_images/camera_right_11.png
2025-06-02 14:22:01,0.59342360496521,12,-0.172215,0.111175746,0.118662275,0.31667286,-0.33464485,0.2881189,2.1467824e-07,0.026484588,-0.008552169,0.0052190823,0.8754495873689209,0.3711493348831908,0.3095742095061402,-0.35508654974693243,0.9284596476267996,-0.10897809375071137,-0.3278743084848304,-0.014520810737857492,0.9446097521681162,0.03527332,-0.029164633,0.10722519,-0.13988057,0.0848615,-0.015112438,0.36559916,-0.04161256,0.0016428737,0.00682592,0.8453697777458244,-0.0880943261663038,-0.5268674677480858,0.13852030887606157,0.9887213428031333,0.05694058582811983,0.515908967651131,-0.12111769475544795,0.8480379950888228,left_images/camera_left_12.png,right_images/camera_right_12.png
2025-06-02 14:22:01,0.6428914070129395,13,-0.18148439,0.11539323,0.11902076,0.32693225,-0.3466808,0.30544275,3.3090964e-07,0.025665835,-0.009001956,0.0055770706,0.8749393111576353,0.38229308661683004,0.297209013517389,-0.36779477026978924,0.923886886739724,-0.1056410311979843,-0.3149733460996273,-0.016882429782392114,0.948950354239592,0.034811612,-0.029834813,0.107491836,-0.16423298,0.09845749,-0.01518684,0.38783097,-0.04145706,0.0014806113,0.0066285636,0.8421376510825458,-0.10141813674948158,-0.5296400080879803,0.1623829538250759,0.9842615569061276,0.06972061319128592,0.514233364277558,-0.14471886240220758,0.8453522922005922,left_images/camera_left_13.png,right_images/camera_right_13.png
2025-06-02 14:22:01,0.7025923728942871,14,-0.19186883,0.120897435,0.11942068,0.32816765,-0.36185864,0.322037,1.9448407e-07,0.024707075,-0.009522328,0.006036088,0.8757882061664048,0.3880041364537003,0.2871372634031487,-0.3731006694710826,0.921563843680207,-0.1073124990930368,-0.30625301366690405,-0.013148084125884724,0.9518593485929305,0.03374649,-0.03137168,0.10773442,-0.19017227,0.11385627,-0.014326117,0.4138649,-0.041349158,0.0013861768,0.006437854,0.8378510690423641,-0.11547116584886943,-0.5335466202330128,0.18776437837343737,0.978697303835912,0.08304291467881744,0.5125915765193616,-0.1697586443213411,0.8416839539634672,left_images/camera_left_14.png,right_images/camera_right_14.png
2025-06-02 14:22:01,0.7627801895141602,15,-0.20382382,0.1260584,0.11962344,0.31378344,-0.38039982,0.33485132,0.009964572,0.023659375,-0.009836306,0.006833451,0.8781375042179645,0.38515167154596797,0.2837828634558316,-0.3659781444344016,0.9228520133885659,-0.120017328669749,-0.3081144616570223,0.0015333916711141593,0.9513480578777602,0.032991234,-0.03343599,0.10752643,-0.22519273,0.13010347,-0.013132141,0.4401663,-0.04141866,0.0013299168,0.00667458,0.8307349679251672,-0.13651674117811385,-0.5396689656117716,0.221925347719505,0.9703099060072682,0.09616561934362669,0.5105179263316307,-0.19965436554774954,0.8363668938999065,left_images/camera_left_15.png,right_images/camera_right_15.png
2025-06-02 14:22:01,0.8143937587738037,16,-0.21638016,0.13079497,0.119738854,0.30199018,-0.39534947,0.3467643,0.019233204,0.022596952,-0.010156019,0.0077541918,0.8795467162962343,0.38268082836270617,0.2827595399913944,-0.36032109985776956,0.9238030548042747,-0.12944736741849117,-0.3107511526121814,0.011970778501149831,0.9504159203276624,0.032749355,-0.035925403,0.1075111,-0.2633438,0.14717823,-0.011441855,0.4501238,-0.041311167,0.0013235061,0.0068029216,0.8211960481393654,-0.15933995824761954,-0.5479487459844543,0.25891300540606094,0.959737476749817,0.10894049455319932,0.5085283730057648,-0.23133256024075266,0.8293878106293632,left_images/camera_left_16.png,right_images/camera_right_16.png
2025-06-02 14:22:01,0.8687052726745605,17,-0.22492743,0.13400581,0.11993721,0.29333386,-0.40488333,0.35431182,0.022769103,0.021786254,-0.010393116,0.008308818,0.8804475199575831,0.3804017630729785,0.28303120543768734,-0.35580310439418766,0.9246271833722456,-0.13589967870663347,-0.31339482367135496,0.01894915354512957,0.9494338387038472,0.03228293,-0.038189605,0.10750802,-0.29473627,0.16138671,-0.011413272,0.46442443,-0.041240755,0.0013443219,0.006890827,0.8132293292196424,-0.1777884902815204,-0.5541203035626725,0.28893272665421543,0.9498910470619949,0.11926809372010375,0.5051494210282053,-0.2570958020561299,0.8238481722987461,left_images/camera_left_17.png,right_images/camera_right_17.png
2025-06-02 14:22:01,0.9283950328826904,18,-0.23388933,0.13742335,0.12030002,0.28874692,-0.41663596,0.36113504,0.010324544,0.020859271,-0.010659632,0.008778708,0.8798048675050164,0.3821236191986844,0.282709983490112,-0.3553875476922942,0.9237725288669763,-0.1426324151655891,-0.31566293108272603,0.02501708538600174,0.9485415433069084,0.031351566,-0.040828113,0.107488886,-0.3312975,0.17908475,-0.01126368,0.46977454,-0.04118442,0.0013585745,0.0070035253,0.802993746895305,-0.1982102146846016,-0.562062054618281,0.32353463148246114,0.9369933373973012,0.1317908490927035,0.5005261078890365,-0.2876737674306641,0.8165276595766375,left_images/camera_left_18.png,right_images/camera_right_18.png
2025-06-02 14:22:01,0.9824035167694092,19,-0.24275234,0.14030989,0.12061803,0.27506477,-0.42512685,0.3666856,0.03075334,0.019893108,-0.01086029,0.009317143,0.8809448012988305,0.37645340080884343,0.286738720936013,-0.3462950943532466,0.925803694887441,-0.15154941820950177,-0.3225150611854282,0.03421045969025702,0.9459459179870386,0.031646177,-0.043703713,0.10735243,-0.373848,0.19846976,-0.012063762,0.49091247,-0.041044712,0.0013814389,0.0073203053,0.7895284467189196,-0.2213610325372825,-0.5724020659428458,0.3631292727568865,0.9203972646118935,0.1449344905879846,0.4947544472651707,-0.32228584916029435,0.8070624934553478,left_images/camera_left_19.png,right_images/camera_right_19.png
2025-06-02 14:22:01,1.0312085151672363,20,-0.25247976,0.14096409,0.12109321,0.26746312,-0.4352111,0.36570767,0.04989142,0.018712033,-0.010797814,0.009808927,0.8777688725527524,0.3773650211278077,0.29515664858965895,-0.34276648575035373,0.9250996981235106,-0.1634065016397525,-0.3347132244531469,0.04226333352918553,0.941371801157852,0.03170615,-0.047149535,0.10692305,-0.41801035,0.21602978,-0.013511602,0.49751326,-0.04107177,0.0014997829,0.007880216,0.7743365906225104,-0.24615611469023346,-0.5829322530309295,0.40343279310526403,0.9017669066195378,0.15510779339902703,0.487488282803179,-0.3552796269509957,0.7975785608974011,left_images/camera_left_20.png,right_images/camera_right_20.png
2025-06-02 14:22:01,1.0857758522033691,21,-0.2605973,0.14103946,0.121520184,0.25956407,-0.44400963,0.3621782,0.06509202,0.01767468,-0.010670833,0.010223377,0.8742877044917633,0.3778144032741189,0.3047577504398279,-0.33828939201250824,0.9245049000399146,-0.17564446206469192,-0.3481110412301376,0.05046747943784102,0.9360938716244543,0.031501707,-0.05032618,0.10647549,-0.4596664,0.2330454,-0.014934482,0.5099973,-0.04112671,0.0016069982,0.0084472485,0.7587232117523696,-0.26832364640104645,-0.5935836156180653,0.4406815309246662,0.8824877988661841,0.1643626269996002,0.4797279189812297,-0.386287076711561,0.7878092523673323,left_images/camera_left_21.png,right_images/camera_right_21.png
2025-06-02 14:22:01,1.1389429569244385,22,-0.26756132,0.14102918,0.12183156,0.25278452,-0.4508325,0.36101192,0.068221435,0.016833551,-0.010562774,0.010620637,0.8718117260478061,0.37794483416680336,0.3116119648732584,-0.3345011044152866,0.9240724439443371,-0.18493006647836874,-0.3578453932503517,0.056989654055519784,0.932040156785175,0.03128188,-0.053192873,0.10605726,-0.5066437,0.25175887,-0.018015506,0.5296744,-0.041137833,0.0016735562,0.009021171,0.7405248946407489,-0.29202017466132313,-0.6052661381640952,0.48148950175765537,0.8588607722811641,0.17471700985813243,0.46881845112417675,-0.4208115866125507,0.7766124313054454,left_images/camera_left_22.png,right_images/camera_right_22.png
2025-06-02 14:22:01,1.196427583694458,23,-0.27260223,0.14134274,0.12222729,0.25087696,-0.45659783,0.35801983,0.080312595,0.016111296,-0.010542968,0.010793791,0.8686985343915183,0.38028883375831213,0.3174007864904727,-0.33405615538205835,0.9228996574754531,-0.191475082668866,-0.36574491301641615,0.06030443723668985,0.928759405579389,0.031066375,-0.055467557,0.1057857,-0.5489338,0.26798323,-0.02317888,0.53635037,-0.041099943,0.0017213594,0.009447666,0.7242959306903657,-0.3124106627525439,-0.6146502929177644,0.5168472232003186,0.8360467442128777,0.1841053756987215,0.4563598937850448,-0.45102707157061384,0.7670138382421399,left_images/camera_left_23.png,right_images/camera_right_23.png
2025-06-02 14:22:01,1.249147891998291,24,-0.27654374,0.14180264,0.12257537,0.25431412,-0.46385697,0.35565087,0.09146488,0.015565217,-0.010539563,0.010889216,0.8650115477907423,0.3867496602954512,0.3196556310312982,-0.3387211837828372,0.9201106230319163,-0.19663265507176636,-0.37016615437586636,0.06181538356406062,0.9269066169304275,0.03074331,-0.05734603,0.10562419,-0.5832752,0.28214493,-0.026198396,0.54559684,-0.041028313,0.0017701569,0.00975921,0.7095479105712377,-0.32754472256830974,-0.6239040129071458,0.545030682039471,0.8163010705493888,0.1912958908484728,0.44663555415974215,-0.47578042933434206,0.7577266425452185,left_images/camera_left_24.png,right_images/camera_right_24.png
2025-06-02 14:22:01,1.303955078125,25,-0.27913225,0.14218688,0.12281149,0.2592248,-0.46985608,0.3520413,0.095615685,0.015208533,-0.0105354,0.010945511,0.8612788939728229,0.3933181330741067,0.32171340194659287,-0.3439930512360191,0.9173054823914981,-0.20054783139150195,-0.3739885659993956,0.062060439650392665,0.9253545560119729,0.029828224,-0.05893245,0.10549424,-0.61300665,0.29675636,-0.028742658,0.5662933,-0.040996715,0.0017846456,0.010012401,0.6963972855199335,-0.33873921539495755,-0.6326820407393248,0.5688501245765535,0.7980359895339612,0.19886702888561217,0.4375389771091344,-0.49839171678726757,0.7484419417350502,left_images/camera_left_25.png,right_images/camera_right_25.png
2025-06-02 14:22:01,1.3599565029144287,26,-0.28234532,0.1405651,0.122918665,0.27301377,-0.4744429,0.34491175,0.09899366,0.014883954,-0.010324004,0.011100633,0.8541446396631323,0.40586016441161243,0.32513760391335367,-0.356390209645038,0.912157164537786,-0.20237422180592168,-0.37871222980503794,0.05698099793936036,0.9237587417014957,0.028715491,-0.06120412,0.10542161,-0.64308834,0.30854297,-0.032168582,0.581111,-0.040969223,0.0019248633,0.010185773,0.6828734644481809,-0.3517384821328289,-0.6402842116899591,0.5923103203671104,0.7796041900591535,0.2034349803470926,0.42761234306220597,-0.5181672963716492,0.7407093472015494,left_images/camera_left_26.png,right_images/camera_right_26.png
2025-06-02 14:22:01,1.4128973484039307,27,-0.28413108,0.13933313,0.123324156,0.3003523,-0.47650263,0.33225185,0.09138024,0.01448776,-0.01029502,0.010889291,0.8432848813683123,0.42478994659869673,0.3292781652711095,-0.3782363984464583,0.9042997690582063,-0.19793724907537472,-0.38184792227519554,0.04237250228569531,0.923253342969396,0.027117679,-0.06269702,0.10540883,-0.65478677,0.31503373,-0.034167588,0.58962595,-0.0410459,0.0020176219,0.010189973,0.6782033157400746,-0.3562086435527285,-0.6427718605986841,0.6010947175408948,0.7720745791840399,0.20636371949114468,0.42275927318463485,-0.5263233287971503,0.7377386735831912,left_images/camera_left_27.png,right_images/camera_right_27.png
2025-06-02 14:22:02,1.46333909034729,28,-0.2862512,0.13849768,0.12377347,0.31859818,-0.48185307,0.32790068,0.11224718,0.014075053,-0.010249464,0.01069494,0.8362068313994131,0.43967444372535885,0.3277873070388022,-0.39468727691140565,0.8974631977581669,-0.19693085617532177,-0.3807625094008247,0.035301447625871674,0.9239987658164404,0.026485305,-0.06471285,0.1052098,-0.6834428,0.32621416,-0.03731526,0.6055682,-0.041041147,0.0021417453,0.010500003,0.6643261747132914,-0.3674730479938816,-0.650871947919782,0.6227400188424301,0.7536966254383691,0.21008632924334747,0.4133589269907387,-0.5448898565773644,0.7295405689035833,left_images/camera_left_28.png,right_images/camera_right_28.png
2025-06-02 14:22:02,1.511936902999878,29,-0.28784916,0.1373557,0.124251224,0.3382661,-0.4878433,0.32094568,0.11884643,0.013679824,-0.010158443,0.010437782,0.8277485788056963,0.4558195184729092,0.3272015538842614,-0.4119566487458706,0.8896189828442504,-0.19715421607775138,-0.38095145338903935,0.028401266561308147,0.9241587299909535,0.025042951,-0.06640705,0.10498517,-0.71127665,0.34063655,-0.04087823,0.6158163,-0.041100442,0.002189509,0.010818937,0.6511633162134484,-0.3757339398383694,-0.6594015029338661,0.6430543279912604,0.7345989892138881,0.21643811193420284,0.40307253301312074,-0.5649675490676175,0.7199612500898338,left_images/camera_left_29.png,right_images/camera_right_29.png
2025-06-02 14:22:02,1.5622758865356445,30,-0.29050705,0.13524225,0.12477864,0.35759923,-0.4939577,0.31431982,0.12594424,0.013149852,-0.009951441,0.010232884,0.818500051045963,0.4723085622581199,0.3270814706696536,-0.4291904898662945,0.8811588365074794,-0.1983800097114506,-0.3819073053059943,0.02199379145242432,0.9239388958645811,0.024860822,-0.0686665,0.104693405,-0.7437489,0.35482976,-0.044738434,0.6247159,-0.041062392,0.002323725,0.01128806,0.6342925485628172,-0.3856125868716961,-0.6700566361762301,0.666249443017135,0.7123026485633586,0.22076371198406217,0.3921538505702111,-0.5864536381469069,0.7087224335289616,left_images/camera_left_30.png,right_images/camera_right_30.png
2025-06-02 14:22:02,1.616811990737915,31,-0.29232326,0.1334329,0.12505214,0.3721535,-0.49439025,0.30630478,0.1349549,0.012796672,-0.009805046,0.010155565,0.8109777237742641,0.4823946095218006,0.331074874078693,-0.4404020697733728,0.8758380315280061,-0.1973670678418169,-0.3851767756254811,0.014254235632142273,0.9227327176844337,0.024327453,-0.07067681,0.10451747,-0.77514094,0.36982712,-0.04830995,0.65105206,-0.040987004,0.0024399469,0.011652242,0.617532112463686,-0.3935419075999407,-0.6810131107686088,0.6879971815020747,0.6898896011881326,0.2251937308578572,0.3812006929706963,-0.6075994611049943,0.6967847060201463,left_images/camera_left_31.png,right_images/camera_right_31.png
2025-06-02 14:22:02,1.6664314270019531,32,-0.29266584,0.13295627,0.12528135,0.3951074,-0.4996079,0.3006429,0.121083505,0.012722023,-0.009801847,0.00994426,0.8022147542810544,0.4991437345948737,0.32757750262872104,-0.45972543274760225,0.8665022085826593,-0.19449022856278314,-0.38092520853681683,0.00542722176219157,0.9245899257320116,0.02256231,-0.07207502,0.10441159,-0.7969031,0.3809477,-0.053428885,0.6687594,-0.04105659,0.0025046116,0.011812684,0.6079460601361346,-0.3988693554832208,-0.6865164420619158,0.7020489413776698,0.6739107744749541,0.23015549517024547,0.3708488531402582,-0.6218902678953642,0.689727208990328,left_images/camera_left_32.png,right_images/camera_right_32.png
2025-06-02 14:22:02,1.7246239185333252,33,-0.29309028,0.13030651,0.12567243,0.4091301,-0.50079805,0.29787692,0.14769185,0.012446504,-0.009572423,0.009645386,0.796339480765608,0.509677514181089,0.32568736989964425,-0.47180237788151297,0.860365513405929,-0.19280482246848002,-0.3784784638513952,-0.00012198335097342305,0.9256100893576896,0.02229653,-0.07382729,0.10441623,-0.82847583,0.39353576,-0.059728418,0.68412465,-0.040888425,0.002642847,0.0120155,0.592034442052123,-0.40689893919325304,-0.6956496767105098,0.722218996861213,0.6509089953474072,0.23391708007029355,0.35762402044160096,-0.6408983796665696,0.6792306875752532,left_images/camera_left_33.png,right_images/camera_right_33.png
2025-06-02 14:22:02,1.774606466293335,34,-0.29174468,0.13019899,0.12638554,0.4357272,-0.50630033,0.29354236,0.14734748,0.01221149,-0.009706275,0.008939204,0.7871458041814334,0.5281739365415118,0.3184866962964195,-0.4938718789621873,0.8490806895456061,-0.18749013257000174,-0.3694483050846536,-0.009709551946474618,0.9292005566459135,0.021818733,-0.07603158,0.10465706,-0.85430175,0.40911752,-0.064598255,0.7107908,-0.040608212,0.00280573,0.012035316,0.5784209404125746,-0.4093327546147262,-0.705603225397782,0.7380478733114327,0.6310211308943771,0.23895118552803407,0.34743999826258376,-0.6589833293523455,0.6671030049722412,left_images/camera_left_34.png,right_images/camera_right_34.png
2025-06-02 14:22:02,1.8230080604553223,35,-0.29075974,0.12957518,0.12695764,0.44830295,-0.5075969,0.29049557,0.16674525,0.011939886,-0.0097443815,0.008414749,0.7824484506879574,0.5365157855219415,0.3161095283312244,-0.5038681915836302,0.8437636286119362,-0.1848777556707698,-0.3659115569727982,-0.014620222891347803,0.93053478256127,0.021096671,-0.07708487,0.10463377,-0.88438773,0.4201202,-0.07309186,0.7173306,-0.04051782,0.002888649,0.012215438,0.5646572829151559,-0.4162960414082758,-0.7126427988541472,0.7554842804471616,0.6083425120863,0.2432342286475409,0.332273463954177,-0.675734410768261,0.6580101452527637,left_images/camera_left_35.png,right_images/camera_right_35.png
2025-06-02 14:22:02,1.8767693042755127,36,-0.29195896,0.12761608,0.12761688,0.46547475,-0.51074266,0.28567776,0.17463547,0.011425214,-0.009615617,0.0080000665,0.7741140388524914,0.5491833217653438,0.3148732029663156,-0.5179628077963253,0.8354411888293939,-0.18371867011024323,-0.36395327253815246,-0.02087340657660619,0.9311832882449391,0.020687947,-0.07885564,0.10438043,-0.9099405,0.43013707,-0.078169376,0.7231771,-0.040526796,0.003049476,0.01260106,0.5507728591404972,-0.4212306982233313,-0.7205650258710081,0.7702765331250776,0.5889966196796503,0.24445254043015438,0.32143945020954257,-0.6896721546359762,0.6488674741183725,left_images/camera_left_36.png,right_images/camera_right_36.png
2025-06-02 14:22:02,1.9232831001281738,37,-0.29275832,0.12610056,0.1281237,0.47799206,-0.51234907,0.2852866,0.18136838,0.011052327,-0.009538689,0.007663319,0.7689958988591794,0.5580334339706247,0.3118396929653367,-0.528579491822767,0.829416288803315,-0.1807549188601012,-0.3595122089194586,-0.025832275135743724,0.9327827534850561,0.020382715,-0.07993556,0.10420511,-0.94026077,0.4421601,-0.08453636,0.74984384,-0.04045475,0.0031495537,0.012965506,0.5345726485031024,-0.4257908113191025,-0.7300234711765089,0.7871181515523451,0.5653434132529346,0.24664111698648575,0.30769643964335736,-0.7064623203595095,0.6373648020898703,left_images/camera_left_37.png,right_images/camera_right_37.png
2025-06-02 14:22:02,1.9735352993011475,38,-0.29257232,0.12497235,0.12851089,0.49090013,-0.5146757,0.28448296,0.20344716,0.010865734,-0.009486412,0.007322834,0.7639004761326543,0.5672017730175618,0.3077957297462689,-0.5393823062177101,0.8230308658567149,-0.17800820651422355,-0.35429195630661503,-0.0300390168427703,0.9346522707208019,0.020658074,-0.080361895,0.10433159,-0.9672191,0.45119154,-0.093260266,0.7440081,-0.04022333,0.00320916,0.013053723,0.5221531492645526,-0.42990956941030056,-0.7365689722236202,0.8008411063659089,0.5441464209791349,0.2501163626998949,0.2932739522489803,-0.7204737570967095,0.6284170225791268,left_images/camera_left_38.png,right_images/camera_right_38.png
2025-06-02 14:22:02,2.030688762664795,39,-0.29185838,0.12489165,0.12883767,0.5003346,-0.5196025,0.2859016,0.18588476,0.010804324,-0.009512098,0.0069890907,0.7606846929760683,0.5750641693925568,0.3010979889550145,-0.5480791600058194,0.817536949836436,-0.17675567888883426,-0.34780458915779233,-0.030570193538576415,0.9370685305930372,0.020720817,-0.08128626,0.10443909,-0.9795521,0.45562285,-0.09913835,0.77053314,-0.04010484,0.0033028042,0.013050079,0.5175303113235242,-0.4315986639666184,-0.7388402872905661,0.8064646191655483,0.5346086167692309,0.2526033351130915,0.2859671220534684,-0.7265784335763895,0.6247452160410171,left_images/camera_left_39.png,right_images/camera_right_39.png
2025-06-02 14:22:02,2.0880486965179443,40,-0.29238516,0.12376999,0.12932545,0.50907123,-0.52060527,0.2862627,0.2105433,0.01045251,-0.00947264,0.0066585997,0.7570934767495957,0.58109490024197,0.2985601855170651,-0.5554196659396339,0.8131267027035881,-0.17416647219799813,-0.34397450799545426,-0.03396589853316921,0.9383644577594143,0.021879546,-0.08142475,0.10444068,-1.0109357,0.4634045,-0.108297266,0.76549494,-0.039852835,0.0033708496,0.013298809,0.5018165050937611,-0.43672342790677,-0.7466276466437896,0.8218648470955487,0.5098424003044966,0.2541631365095255,0.26966343527459097,-0.7411702735330861,0.6147749647690582,left_images/camera_left_40.png,right_images/camera_right_40.png
2025-06-02 14:22:02,2.1444976329803467,41,-0.29192436,0.12263155,0.1298335,0.5266305,-0.5238214,0.28279433,0.21215671,0.010219334,-0.009439982,0.006199939,0.7492480404653471,0.5931121098085087,0.294695434401921,-0.5692333019954844,0.8041517858711633,-0.17121142829710922,-0.3385274313230097,-0.03947062805071681,0.9401283145204843,0.022506788,-0.081554815,0.10471311,-1.0298004,0.4689474,-0.115293644,0.7747328,-0.039567087,0.0034238638,0.01322317,0.4934234788053925,-0.4387832256846824,-0.7510010329029712,0.8303490832169851,0.494684330584824,0.25653033558344934,0.2589472350968377,-0.7501711097686912,0.6084321124859482,left_images/camera_left_41.png,right_images/camera_right_41.png
2025-06-02 14:22:02,2.1994378566741943,42,-0.29254815,0.12154912,0.13052535,0.5414453,-0.5311393,0.28300008,0.23247938,0.009808328,-0.009379776,0.0057109958,0.7422246684707141,0.6054129828859848,0.2873632921349437,-0.5823433644522577,0.7948648677892092,-0.17048767648386914,-0.3316304379757139,-0.040803947205357974,0.942526546310765,0.024330746,-0.0818671,0.104764946,-1.0543189,0.47336903,-0.1237677,0.79279494,-0.039284226,0.0035177649,0.013408717,0.48149923781191517,-0.44252885841344936,-0.7565227646659644,0.8413083270438452,0.47532692720893605,0.25741913510226333,0.24568024510169983,-0.7604160188616492,0.6011727667030241,left_images/camera_left_42.png,right_images/camera_right_42.png
2025-06-02 14:22:02,2.2546534538269043,43,-0.2927884,0.121176966,0.13093771,0.55255586,-0.53609043,0.28467482,0.22937094,0.009606897,-0.009396921,0.0053951787,0.737623179172037,0.6140280748471982,0.2808586278674391,-0.5920671719386679,0.7881520579167415,-0.16814516797741602,-0.3246051593254259,-0.04225940015013159,0.9449050923972556,0.025038743,-0.08191892,0.10476661,-1.0741433,0.47779202,-0.13206305,0.8037276,-0.039142445,0.0035537211,0.013556175,0.47320683499221494,-0.44504289964272525,-0.7602710758632383,0.849418332548563,0.4593319143638922,0.25981279563797594,0.23358892877674953,-0.7687333802589797,0.5953865991341538,left_images/camera_left_43.png,right_images/camera_right_43.png
2025-06-02 14:22:02,2.3071470260620117,44,-0.2936105,0.12019702,0.13149296,0.57353187,-0.5419116,0.28515413,0.25603795,0.009294257,-0.00940478,0.0049939826,0.7282949434016055,0.6285583493261617,0.2729484876456049,-0.6090310470239355,0.7762929720649917,-0.16263580566231645,-0.3141140862434874,-0.04778726833449126,0.9481817957588862,0.027271787,-0.08236227,0.104766935,-1.1044931,0.4814611,-0.14432053,0.81582826,-0.038851853,0.0036818155,0.013814811,0.4594635771772497,-0.45001580676236996,-0.7657538735856964,0.8615996088556029,0.4352240523485869,0.2612013366679931,0.21572977371553798,-0.7797857384700542,0.5877030430509569,left_images/camera_left_44.png,right_images/camera_right_44.png
2025-06-02 14:22:02,2.360008955001831,45,-0.29329777,0.119905606,0.1320032,0.58079547,-0.54645175,0.28763765,0.27527326,0.009057422,-0.009431259,0.0045765396,0.7253706469627617,0.634703797703871,0.26643669736939063,-0.6157394512492105,0.7713114508128174,-0.16107009039653508,-0.3077374736689468,-0.047220070153595375,0.950298854189851,0.028374514,-0.082300276,0.10496657,-1.123501,0.48384553,-0.1527028,0.8202357,-0.038593225,0.0037382026,0.013789286,0.4515647345445271,-0.45284204705013453,-0.7687804439104668,0.8686794979358813,0.419825633679029,0.2629493623720489,0.20367920949767077,-0.7865624690572552,0.5829530529030261,left_images/camera_left_45.png,right_images/camera_right_45.png
2025-06-02 14:22:02,2.410266160964966,46,-0.29323623,0.118789904,0.13242207,0.5905293,-0.54668605,0.29359457,0.29231238,0.008843642,-0.009436511,0.0042230077,0.7226598228012775,0.64058128920953,0.25965051978280884,-0.6240065015933745,0.76618964810799,-0.15352299209353826,-0.2972854965820302,-0.05107871422433352,0.9534213645997055,0.029761877,-0.08210842,0.10501382,-1.1461127,0.48377615,-0.16164039,0.8324184,-0.038398746,0.0038099145,0.013886242,0.4411519136739747,-0.45817375156542955,-0.7716617150268957,0.877207386492068,0.4016687537439314,0.2630007858344773,0.1894523426763195,-0.792930656263369,0.5791103385471523,left_images/camera_left_46.png,right_images/camera_right_46.png
2025-06-02 14:22:03,2.4716567993164062,47,-0.29316616,0.118391484,0.13282533,0.5947951,-0.54971504,0.29621682,0.31886,0.008629296,-0.009436935,0.003913301,0.7209409382829461,0.6444305514718562,0.25485962378804616,-0.6282135813362093,0.7630029203241606,-0.15223087663656332,-0.2925608650049407,-0.05035680595988806,0.9549200659537315,0.032578815,-0.08216519,0.10512078,-1.1745697,0.48529217,-0.17390676,0.83614576,-0.038029555,0.0039170003,0.014057941,0.42854109593801787,-0.4622140706070399,-0.7763444351736624,0.8870594603912278,0.37851125692945015,0.2643004769350812,0.17169170866022104,-0.801927291785582,0.5722189929273369,left_images/camera_left_47.png,right_images/camera_right_47.png
2025-06-02 14:22:03,2.5296335220336914,48,-0.2933994,0.11774227,0.13317293,0.61019254,-0.55274534,0.29935545,0.311651,0.008482615,-0.009484806,0.003622545,0.7146687675567771,0.6541775102476208,0.2475890501720572,-0.6402783479695751,0.7543432837069134,-0.14494774040192207,-0.2815886890488132,-0.05493628502633973,0.9579612804217484,0.033938717,-0.08186519,0.10493921,-1.1956601,0.48606524,-0.18264751,0.83097434,-0.03795777,0.0039455765,0.0143561065,0.41914695627234144,-0.4656174338872596,-0.7794332776497778,0.8940637599644818,0.36107803551946877,0.2650898817072708,0.1580057662422657,-0.8079746639131977,0.5676364332110385,left_images/camera_left_48.png,right_images/camera_right_48.png
2025-06-02 14:22:03,2.5816125869750977,49,-0.2943178,0.1164843,0.13346544,0.62120193,-0.5570217,0.3026256,0.33831692,0.008299166,-0.009398306,0.0034446334,0.7093204906515458,0.6624007861260504,0.24101792481357331,-0.6496507444133377,0.7470182194290844,-0.14113004685111138,-0.2735294350249109,-0.05647104019398975,0.9602044937378507,0.035695296,-0.08081626,0.10480138,-1.2291445,0.48722804,-0.19447812,0.83025205,-0.037792757,0.0039635347,0.014678294,0.40288383339158784,-0.4706244888682015,-0.7849822974241161,0.9049940673464284,0.3328851896759672,0.2649022245323046,0.13663950694973787,-0.8171291458343285,0.5600264316696072,left_images/camera_left_49.png,right_images/camera_right_49.png
2025-06-02 14:22:03,2.62951922416687,50,-0.29474264,0.11584994,0.13357404,0.6308409,-0.5608925,0.30704114,0.3534404,0.008296965,-0.009376649,0.0033539422,0.7052007311640165,0.6693507884483219,0.23379788444155458,-0.6578467603883325,0.7407065248055357,-0.13635059206722344,-0.2644419947971816,-0.05764864364506987,0.962677030614926,0.037683383,-0.07978997,0.10476239,-1.2588944,0.48916465,-0.20511141,0.8319828,-0.037560686,0.003973618,0.014934247,0.38853849513984723,-0.4732511479674445,-0.7906144374737656,0.9138912231235988,0.30747257579669895,0.26507253239556056,0.11764637730128025,-0.8255264781219553,0.5519650023574372,left_images/camera_left_50.png,right_images/camera_right_50.png
2025-06-02 14:22:03,2.691206216812134,51,-0.29421058,0.115726724,0.13382292,0.6359487,-0.56617457,0.31398037,0.36645228,0.008300799,-0.009402053,0.0030938657,0.7036451740494367,0.6743298414233265,0.22397038644188946,-0.6634181898984264,0.7363688242121437,-0.13280534642973074,-0.2544794183206838,-0.05513818726088572,0.965505052268889,0.039675258,-0.07874846,0.10472822,-1.2853014,0.48833138,-0.21940687,0.84167814,-0.037376158,0.0039436687,0.015132317,0.3794208815006689,-0.4770121988477161,-0.7927793872394276,0.9200691934227276,0.28485022841980906,0.26894799996213803,0.09753191270403228,-0.8314563786030207,0.5469623538093308,left_images/camera_left_51.png,right_images/camera_right_51.png
2025-06-02 14:22:03,2.7399866580963135,52,-0.29497665,0.11514675,0.1341343,0.63556695,-0.57003886,0.32392076,0.3929745,0.008106825,-0.00936792,0.0029238341,0.7046985785738503,0.6760660077168706,0.21525488743758447,-0.6655607095091057,0.7350077318432583,-0.12958617244275986,-0.24582281284236146,-0.05194600408502268,0.9679218756417628,0.041317303,-0.07741371,0.104720585,-1.3112342,0.48700383,-0.23123376,0.8368441,-0.037205126,0.003905063,0.015280202,0.36884050865429197,-0.4808756363446429,-0.7954340334344372,0.9261796093910799,0.2623309095840256,0.27087603257764237,0.07840924896866014,-0.8366248360208727,0.5421354751620836,left_images/camera_left_52.png,right_images/camera_right_52.png
2025-06-02 14:22:03,2.7897186279296875,53,-0.29555437,0.11449193,0.13416715,0.63445485,-0.5732291,0.3307975,0.41704625,0.008100906,-0.009276136,0.0029361648,0.7054761933973683,0.6771916327641582,0.20908092467696004,-0.6667013017324496,0.7341850213590243,-0.1283811850712805,-0.24044274748433647,-0.0488246549016235,0.9694345972039171,0.043415852,-0.075181,0.104847685,-1.3411688,0.48628238,-0.24323045,0.8432493,-0.036905527,0.0038093026,0.015361436,0.35572704553355927,-0.4837940410925532,-0.7996259093346725,0.9328649196784111,0.2357626213814198,0.27235827138670254,0.05675659177008885,-0.8428281628912848,0.5351816300359582,left_images/camera_left_53.png,right_images/camera_right_53.png
2025-06-02 14:22:03,2.8412821292877197,54,-0.29570958,0.11365117,0.13422565,0.62602586,-0.5764394,0.33787763,0.4437136,0.008082405,-0.00910345,0.00291901,0.70935120572218,0.6747596125274857,0.20376538528966773,-0.6631824302236502,0.7368434862526143,-0.13134207631123637,-0.23876752539477128,-0.04196596321843016,0.9701695350545732,0.04546405,-0.074200206,0.10491537,-1.3675475,0.48134097,-0.2552144,0.8363754,-0.03669456,0.003830279,0.015420498,0.34428900659095457,-0.48951595210046955,-0.8011486831916933,0.9381453893026863,0.21274572947100967,0.27317116085333554,0.0367193201288446,-0.8456437708816984,0.5324831493092121,left_images/camera_left_54.png,right_images/camera_right_54.png
2025-06-02 14:22:03,2.8941891193389893,55,-0.29518592,0.11305632,0.13432068,0.6202189,-0.5787551,0.34524626,0.46547735,0.008108922,-0.0090022385,0.0028070193,0.712596380157889,0.6731584394485218,0.19764643782548735,-0.6611386115321157,0.7385864436572696,-0.13185522965393967,-0.23473844024202684,-0.036712132121926803,0.9713650621819804,0.04678586,-0.073153295,0.105079554,-1.3888046,0.47789502,-0.26544875,0.8401162,-0.036491048,0.0038191641,0.015362922,0.3357299007506222,-0.4935571616411815,-0.8023009173213488,0.9417473788402808,0.1938961879445396,0.2748020064483446,0.019932591137070133,-0.8478240362795079,0.5299029112179758,left_images/camera_left_55.png,right_images/camera_right_55.png
2025-06-02 14:22:03,2.9444165229797363,56,-0.29587293,0.11171371,0.134464,0.6222505,-0.580577,0.3509492,0.4610427,0.007998807,-0.008866906,0.0027435925,0.7116203256136577,0.675657972016407,0.19256899289394483,-0.6641506677193442,0.7363399752918428,-0.1292568425854427,-0.22912966360002654,-0.03591302880410905,0.9727331862441284,0.048930053,-0.071555465,0.10516074,-1.4157563,0.47501996,-0.27627432,0.8583007,-0.03624257,0.0037789783,0.015449727,0.3234846902289043,-0.4965135044325373,-0.8055010832417488,0.9462334008845028,0.16966985243787652,0.2754169425149025,-7.898137599171573e-05,-0.8512851937452162,0.5247032615413327,left_images/camera_left_56.png,right_images/camera_right_56.png
