Epoch Time (Seconds),Time (Seconds),Frame Number,PSM1_joint_1,PSM1_joint_2,PSM1_joint_3,PSM1_joint_4,PSM1_joint_5,PSM1_joint_6,PSM1_jaw_angle,PSM1_ee_x,PSM1_ee_y,PSM1_ee_z,"PSM1_Orientation_Matrix_[1,1]","PSM1_Orientation_Matrix_[1,2]","PSM1_Orientation_Matrix_[1,3]","PSM1_Orientation_Matrix_[2,1]","PSM1_Orientation_Matrix_[2,2]","PSM1_Orientation_Matrix_[2,3]","PSM1_Orientation_Matrix_[3,1]","PSM1_Orientation_Matrix_[3,2]","PSM1_Orientation_Matrix_[3,3]",PSM2_joint_1,PSM2_joint_2,PSM2_joint_3,PSM2_joint_4,PSM2_joint_5,PSM2_joint_6,PSM2_jaw_angle,PSM2_ee_x,PSM2_ee_y,PSM2_ee_z,"PSM2_Orientation_Matrix_[1,1]","PSM2_Orientation_Matrix_[1,2]","PSM2_Orientation_Matrix_[1,3]","PSM2_Orientation_Matrix_[2,1]","PSM2_Orientation_Matrix_[2,2]","PSM2_Orientation_Matrix_[2,3]","PSM2_Orientation_Matrix_[3,1]","PSM2_Orientation_Matrix_[3,2]","PSM2_Orientation_Matrix_[3,3]",PSM3_joint_1,PSM3_joint_2,PSM3_joint_3,PSM3_joint_4,PSM3_joint_5,PSM3_joint_6,PSM3_jaw_angle,PSM3_ee_x,PSM3_ee_y,PSM3_ee_z,"PSM3_Orientation_Matrix_[1,1]","PSM3_Orientation_Matrix_[1,2]","PSM3_Orientation_Matrix_[1,3]","PSM3_Orientation_Matrix_[2,1]","PSM3_Orientation_Matrix_[2,2]","PSM3_Orientation_Matrix_[2,3]","PSM3_Orientation_Matrix_[3,1]","PSM3_Orientation_Matrix_[3,2]","PSM3_Orientation_Matrix_[3,3]",Camera Left,Camera Right
2025-05-25 16:14:15,0.0021588802337646484,1,-0.0101164915,-0.014804503,0.09887497,0.015451373,0.07001793,0.11973691,1.047179,0.029248714,0.00020388805,0.0020097978,0.9152483198615251,-0.014817858160706604,0.4026176152010542,-0.008747154057611572,0.9983570427548764,0.056627753598654455,-0.40279523369392967,-0.055350214645172736,0.913614991915186,0.007580384,-0.013009976,0.09298855,-0.047382325,0.064988546,-0.09276875,1.047179,-0.032190878,1.321343e-05,0.007073446,0.904250610723788,-0.01441286465205724,-0.4267588339310365,0.042350618864156905,0.9975295591430764,0.05604644250657487,0.4248967616815636,-0.06875353058819135,0.9026271068077777,0.0001551916,-0.013308141,0.1037553,-0.00030183577,0.00017329578,0.0059603266,7.74538e-12,7.202813e-05,-0.021057472,0.007450845,0.9999812535043958,-0.0003035023547915928,-0.006115596953541365,-0.0013681856626407895,0.9624430404341413,-0.2714802423526963,0.005968308618869558,0.2714835203215967,0.962424582752344,left_images/camera_left_1.png,right_images/camera_right_1.png
2025-05-25 16:14:15,0.06458497047424316,2,-0.010116547,-0.014804503,0.09887497,0.015451373,0.07001793,0.11973691,1.047179,0.029248714,0.00020388805,0.0020097978,0.9152483198615251,-0.014817858160706604,0.4026176152010542,-0.008747154057611572,0.9983570427548764,0.056627753598654455,-0.40279523369392967,-0.055350214645172736,0.913614991915186,0.007580359,-0.013010003,0.09298855,-0.047382325,0.064988546,-0.09276875,1.047179,-0.032190852,1.3265293e-05,0.007073329,0.904250619352934,-0.014413007127433203,-0.42675881083508943,0.04235072385101062,0.9975295606828812,0.05604633576883873,0.42489673285297275,-0.06875347838009747,0.9026271243550722,0.00015519325,-0.013308141,0.1037553,-0.00030183402,0.00017328194,0.0059602987,1.9565074e-12,7.202813e-05,-0.021057472,0.007450845,0.9999812535043958,-0.0003035023547915928,-0.006115596953541365,-0.0013681856626407895,0.9624430404341413,-0.2714802423526963,0.005968308618869558,0.2714835203215967,0.962424582752344,left_images/camera_left_2.png,right_images/camera_right_2.png
2025-05-25 16:14:15,0.12678098678588867,3,-0.010116678,-0.014804671,0.09887497,0.015451373,0.07001815,0.11973691,1.047179,0.029248644,0.00020398095,0.002009892,0.9152481336516853,-0.01481741622743599,0.40261805476586626,-0.008747424649445664,0.9983570713276093,0.05662720805550417,-0.4027956509312252,-0.05534981758327666,0.9136148320186078,0.007580375,-0.01300996,0.09298855,-0.047382325,0.064988546,-0.09276878,1.047179,-0.03219088,1.3213372e-05,0.0070734443,0.9042507540589585,-0.014413010856101435,-0.42675852528317126,0.042350778492455866,0.9975295494682778,0.056046494080342325,0.424896440729842,-0.06875364030854521,0.9026272495329594,0.000155195,-0.013308141,0.1037553,-0.00030183227,0.00017326808,0.0059602708,3.9457714e-13,7.20249e-05,-0.021057472,0.007450847,0.9999812558143688,-0.00030351975661800363,-0.0061152183669202715,-0.0013680665838614772,0.9624430199638694,-0.2714803155233342,0.005967948872091489,0.27148359287180557,0.9624245645180072,left_images/camera_left_3.png,right_images/camera_right_3.png
2025-05-25 16:14:15,0.18909621238708496,4,-0.01011667,-0.01480473,0.09887497,0.015451345,0.07001837,0.11973669,1.047179,0.02924864,0.0002039735,0.0020098947,0.9152481225783733,-0.014817594524134975,0.4026180733763463,-0.008747411746410794,0.9983570482376207,0.05662761713160408,-0.40279567637265107,-0.055350186330157106,0.913614798461975,0.0075803306,-0.013009991,0.09298855,-0.047382325,0.064988546,-0.09276878,1.047179,-0.03219088,1.3213372e-05,0.0070734443,0.9042507540589585,-0.014413010856101435,-0.42675852528317126,0.042350778492455866,0.9975295494682778,0.056046494080342325,0.424896440729842,-0.06875364030854521,0.9026272495329594,0.00015519503,-0.013308141,0.1037553,-0.00030184255,0.00017325615,0.005960224,7.5694034e-12,7.20249e-05,-0.021057472,0.007450847,0.9999812558143688,-0.00030351975661800363,-0.0061152183669202715,-0.0013680665838614772,0.9624430199638694,-0.2714803155233342,0.005967948872091489,0.27148359287180557,0.9624245645180072,left_images/camera_left_4.png,right_images/camera_right_4.png
2025-05-25 16:14:15,0.23911738395690918,5,-0.010116432,-0.0148045,0.09887497,0.01545126,0.07001837,0.11973646,1.047179,0.02924871,0.0002038799,0.0020098006,0.915248123164254,-0.014817947658537615,0.4026180590479015,-0.008747282154856595,0.9983570163661335,0.05662819904795984,-0.4027956778556766,-0.05535066665994975,0.9136147687078429,0.0075803953,-0.013009995,0.09298855,-0.047382325,0.064988546,-0.09276878,1.047179,-0.03219088,1.3213372e-05,0.0070734443,0.9042507540589585,-0.014413010856101435,-0.42675852528317126,0.042350778492455866,0.9975295494682778,0.056046494080342325,0.424896440729842,-0.06875364030854521,0.9026272495329594,0.00015519421,-0.013308141,0.1037553,-0.00030185378,0.0001732837,0.005960252,2.013493e-12,7.2020666e-05,-0.021057472,0.007450847,0.9999812549934867,-0.00030379778882784144,-0.006115338793136494,-0.0013678316876104446,0.9624430201183737,-0.27148031615919793,0.0059681402568727854,0.271483592013085,0.9624245635734506,left_images/camera_left_5.png,right_images/camera_right_5.png
2025-05-25 16:14:15,0.3070991039276123,6,-0.010116465,-0.0148044815,0.09887497,0.015451185,0.07001837,0.11973646,1.047179,0.02924871,0.0002038799,0.0020098006,0.915248123164254,-0.014817947658537615,0.4026180590479015,-0.008747282154856595,0.9983570163661335,0.05662819904795984,-0.4027956778556766,-0.05535066665994975,0.9136147687078429,0.00758037,-0.013010021,0.09298855,-0.047382325,0.064988546,-0.09276878,1.047179,-0.03219086,1.3264769e-05,0.007073329,0.9042507913064662,-0.014413065606910264,-0.42675844451099093,0.04235079386533082,0.9975295533796645,0.05604641284813154,0.424896359928637,-0.06875357208158604,0.9026272927656332,0.00015519577,-0.013308141,0.1037553,-0.00030187514,0.00017335097,0.005960224,5.6165814e-13,7.2020666e-05,-0.021057472,0.007450847,0.9999812549934867,-0.00030379778882784144,-0.006115338793136494,-0.0013678316876104446,0.9624430201183737,-0.27148031615919793,0.0059681402568727854,0.271483592013085,0.9624245635734506,left_images/camera_left_6.png,right_images/camera_right_6.png
2025-05-25 16:14:15,0.3708465099334717,7,-0.010116521,-0.0148044815,0.09887497,0.015451111,0.07001837,0.11973646,1.047179,0.02924871,0.0002038799,0.0020098006,0.915248123164254,-0.014817947658537615,0.4026180590479015,-0.008747282154856595,0.9983570163661335,0.05662819904795984,-0.4027956778556766,-0.05535066665994975,0.9136147687078429,0.007580392,-0.013009972,0.09298855,-0.047382325,0.064988546,-0.09276878,1.047179,-0.03219088,1.3213372e-05,0.0070734443,0.9042507540589585,-0.014413010856101435,-0.42675852528317126,0.042350778492455866,0.9975295494682778,0.056046494080342325,0.424896440729842,-0.06875364030854521,0.9026272495329594,0.00015519751,-0.013308141,0.1037553,-0.0003018965,0.00017341826,0.0059601963,3.80319e-13,7.201877e-05,-0.02105748,0.007450845,0.9999812557712214,-0.000303834234631218,-0.006115209805796309,-0.0013677593808446961,0.9624431207421452,-0.27147995979518746,0.005968026515285651,0.27148323524829,0.962424664915979,left_images/camera_left_7.png,right_images/camera_right_7.png
2025-05-25 16:14:15,0.43364500999450684,8,-0.010116577,-0.0148044815,0.09887497,0.015451036,0.07001837,0.11973646,1.047179,0.029248796,0.00020376261,0.0020098342,0.9152480634203164,-0.0148179951088484,0.4026181931139163,-0.008747126137722255,0.9983570322861929,0.056627942475748705,-0.4027958169962685,-0.055350366806915324,0.9136147255296669,0.007580348,-0.013010003,0.09298855,-0.047382325,0.064988546,-0.09276878,1.047179,-0.03219086,1.3264769e-05,0.007073329,0.9042507913064662,-0.014413065606910264,-0.42675844451099093,0.04235079386533082,0.9975295533796645,0.05604641284813154,0.424896359928637,-0.06875357208158604,0.9026272927656332,0.00015519722,-0.013308141,0.1037553,-0.00030189825,0.00017339282,0.0059601683,3.070957e-12,7.2020666e-05,-0.021057472,0.007450847,0.9999812549934867,-0.00030379778882784144,-0.006115338793136494,-0.0013678316876104446,0.9624430201183737,-0.27148031615919793,0.0059681402568727854,0.271483592013085,0.9624245635734506,left_images/camera_left_8.png,right_images/camera_right_8.png
2025-05-25 16:14:15,0.4958832263946533,9,-0.010116607,-0.014804584,0.09887497,0.015451043,0.070018515,0.11973646,1.047179,0.029248796,0.00020376273,0.0020098314,0.9152480865471939,-0.014817710216562656,0.40261815102605425,-0.008747492478978507,0.998357021568068,0.05662807484867187,-0.4027957564908434,-0.05535063639809884,0.9136147358724547,0.0075803697,-0.013009953,0.09298855,-0.047382325,0.064988546,-0.09276878,1.047179,-0.03219088,1.3213372e-05,0.0070734443,0.9042507540589585,-0.014413010856101435,-0.42675852528317126,0.042350778492455866,0.9975295494682778,0.056046494080342325,0.424896440729842,-0.06875364030854521,0.9026272495329594,0.00015519919,-0.013308141,0.1037553,-0.00030192002,0.0001733521,0.0059601683,3.7035036e-12,7.2020666e-05,-0.021057472,0.007450847,0.9999812549934867,-0.00030379778882784144,-0.006115338793136494,-0.0013678316876104446,0.9624430201183737,-0.27148031615919793,0.0059681402568727854,0.271483592013085,0.9624245635734506,left_images/camera_left_9.png,right_images/camera_right_9.png
2025-05-25 16:14:15,0.5625088214874268,10,-0.010116632,-0.01480467,0.09887497,0.015451014,0.07001866,0.11973646,1.047179,0.029248646,0.00020394672,0.002009862,0.9152480140630184,-0.01481828643617834,0.4026182945927772,-0.008746891919218406,0.9983570244503704,0.056628116800368104,-0.40279593423401694,-0.05535043014916861,0.9136146700041805,0.0075804344,-0.013009958,0.09298855,-0.047382325,0.064988546,-0.09276878,1.047179,-0.032190755,1.3200275e-05,0.007073392,0.9042506445340451,-0.014413024643001841,-0.42675875688778114,0.042350801104604194,0.9975295499474978,0.05604646846448929,0.42489667156329,-0.06875363046547403,0.9026271416217523,0.00015520098,-0.013308141,0.1037553,-0.00030194139,0.00017341938,0.0059601404,8.485092e-13,7.201877e-05,-0.02105748,0.007450845,0.9999812557712214,-0.000303834234631218,-0.006115209805796309,-0.0013677593808446961,0.9624431207421452,-0.27147995979518746,0.005968026515285651,0.27148323524829,0.962424664915979,left_images/camera_left_10.png,right_images/camera_right_10.png
2025-05-25 16:14:15,0.6274652481079102,11,-0.0101165455,-0.014804543,0.09887497,0.015451005,0.070018575,0.11973646,1.047179,0.02924871,0.00020387449,0.0020098276,0.915248154824407,-0.014818376623839353,0.4026179712888537,-0.008746792179562618,0.9983570227507236,0.056628162171119684,-0.4027956165564438,-0.05535043666083529,0.9136148096678212,0.00758039,-0.013009989,0.09298855,-0.047382325,0.064988546,-0.09276878,1.047179,-0.03219088,1.3213372e-05,0.0070734443,0.9042507540589585,-0.014413010856101435,-0.42675852528317126,0.042350778492455866,0.9975295494682778,0.056046494080342325,0.424896440729842,-0.06875364030854521,0.9026272495329594,0.00015520069,-0.013308141,0.1037553,-0.00030194313,0.00017339394,0.0059601124,3.0768725e-12,7.2020666e-05,-0.021057472,0.007450847,0.9999812549934867,-0.00030379778882784144,-0.006115338793136494,-0.0013678316876104446,0.9624430201183737,-0.27148031615919793,0.0059681402568727854,0.271483592013085,0.9624245635734506,left_images/camera_left_11.png,right_images/camera_right_11.png
2025-05-25 16:14:15,0.6773531436920166,12,-0.010116576,-0.014804543,0.09887497,0.015451024,0.070018575,0.11973646,1.047179,0.029248796,0.00020376261,0.0020098342,0.9152480634203164,-0.0148179951088484,0.4026181931139163,-0.008747126137722255,0.9983570322861929,0.056627942475748705,-0.4027958169962685,-0.055350366806915324,0.9136147255296669,0.007580365,-0.013010015,0.09298855,-0.047382325,0.064988546,-0.09276878,1.047179,-0.03219086,1.3264769e-05,0.007073329,0.9042507913064662,-0.014413065606910264,-0.42675844451099093,0.04235079386533082,0.9975295533796645,0.05604641284813154,0.424896359928637,-0.06875357208158604,0.9026272927656332,0.00015520265,-0.013308141,0.1037553,-0.0003019649,0.00017335323,0.0059601124,3.7084073e-12,7.2020666e-05,-0.021057472,0.007450847,0.9999812549934867,-0.00030379778882784144,-0.006115338793136494,-0.0013678316876104446,0.9624430201183737,-0.27148031615919793,0.0059681402568727854,0.271483592013085,0.9624245635734506,left_images/camera_left_12.png,right_images/camera_right_12.png
2025-05-25 16:14:15,0.7272725105285645,13,-0.010116606,-0.014804645,0.09887497,0.015451031,0.070018716,0.11973646,1.047179,0.029248646,0.00020394672,0.002009862,0.9152480140630184,-0.01481828643617834,0.4026182945927772,-0.008746891919218406,0.9983570244503704,0.056628116800368104,-0.40279593423401694,-0.05535043014916861,0.9136146700041805,0.007580387,-0.013009965,0.09298855,-0.047382325,0.064988546,-0.09276878,1.047179,-0.03219088,1.3213372e-05,0.0070734443,0.9042507540589585,-0.014413010856101435,-0.42675852528317126,0.042350778492455866,0.9975295494682778,0.056046494080342325,0.424896440729842,-0.06875364030854521,0.9026272495329594,0.00015520444,-0.013308141,0.1037553,-0.00030198626,0.0001734205,0.0059600845,8.4800965e-13,7.201877e-05,-0.02105748,0.007450845,0.9999812557712214,-0.000303834234631218,-0.006115209805796309,-0.0013677593808446961,0.9624431207421452,-0.27147995979518746,0.005968026515285651,0.27148323524829,0.962424664915979,left_images/camera_left_13.png,right_images/camera_right_13.png
2025-05-25 16:14:15,0.7796964645385742,14,-0.010116156,-0.014807787,0.09887497,0.015418478,0.07004116,0.1197258,1.047179,0.029248828,0.00020377256,0.0020099254,0.9152444357727428,-0.014855691274677205,0.4026250504176128,-0.008713303995788402,0.9983564474406407,0.05664346552940102,-0.40280479282216936,-0.05535081110927773,0.9136107412837452,0.0075803427,-0.013009996,0.09298855,-0.047382325,0.064988546,-0.09276878,1.047179,-0.03219088,1.3213372e-05,0.0070734443,0.9042507540589585,-0.014413010856101435,-0.42675852528317126,0.042350778492455866,0.9975295494682778,0.056046494080342325,0.424896440729842,-0.06875364030854521,0.9026272495329594,0.00015520415,-0.013308141,0.1037553,-0.000301988,0.00017339506,0.0059600566,3.0739192e-12,7.2020666e-05,-0.021057472,0.007450847,0.9999812549934867,-0.00030379778882784144,-0.006115338793136494,-0.0013678316876104446,0.9624430201183737,-0.27148031615919793,0.0059681402568727854,0.271483592013085,0.9624245635734506,left_images/camera_left_14.png,right_images/camera_right_14.png
2025-05-25 16:14:16,0.8312098979949951,15,-0.010115909,-0.014810442,0.09887497,0.015394238,0.07005784,0.11971793,1.047179,0.02924875,0.00020376005,0.0020100428,0.9152415236028982,-0.014883579414503294,0.4026306403353547,-0.008687964195750783,0.998356061928534,0.056654151557346065,-0.4028119570608337,-0.0553502725771207,0.913607615212603,0.007580464,-0.01300993,0.09298855,-0.047382325,0.064988546,-0.09276878,1.047179,-0.032190755,1.3200275e-05,0.007073392,0.9042506445340451,-0.014413024643001841,-0.42675875688778114,0.042350801104604194,0.9975295499474978,0.05604646846448929,0.42489667156329,-0.06875363046547403,0.9026271416217523,0.00015520611,-0.013308141,0.1037553,-0.00030200978,0.00017335435,0.0059600566,3.7035128e-12,7.2020666e-05,-0.021057472,0.007450847,0.9999812549934867,-0.00030379778882784144,-0.006115338793136494,-0.0013678316876104446,0.9624430201183737,-0.27148031615919793,0.0059681402568727854,0.271483592013085,0.9624245635734506,left_images/camera_left_15.png,right_images/camera_right_15.png
2025-05-25 16:14:16,0.8833396434783936,16,-0.010115472,-0.014812641,0.09887497,0.015376289,0.07007052,0.11971179,1.047179,0.02924871,0.00020381011,0.0020098537,0.9152393183960884,-0.014904280507641282,0.4026348873165529,-0.008669165997915135,0.9983557745574524,0.056662094637332294,-0.40281737254339506,-0.05534988554946571,0.9136052509409613,0.007580322,-0.013009974,0.09298855,-0.047382325,0.064988546,-0.09276878,1.047179,-0.03219088,1.3213372e-05,0.0070734443,0.9042507540589585,-0.014413010856101435,-0.42675852528317126,0.042350778492455866,0.9975295494682778,0.056046494080342325,0.424896440729842,-0.06875364030854521,0.9026272495329594,0.0001552079,-0.013308141,0.1037553,-0.00030203114,0.00017342162,0.0059600286,8.482516e-13,7.201877e-05,-0.02105748,0.007450845,0.9999812557712214,-0.000303834234631218,-0.006115209805796309,-0.0013677593808446961,0.9624431207421452,-0.27147995979518746,0.005968026515285651,0.27148323524829,0.962424664915979,left_images/camera_left_16.png,right_images/camera_right_16.png
2025-05-25 16:14:16,0.9353759288787842,17,-0.010114613,-0.014817822,0.09887497,0.015330358,0.070102826,0.11969652,1.047179,0.02924876,0.00020374957,0.0020099245,0.9152342017684073,-0.01495747890916644,0.40264454514873044,-0.008621204382485616,0.998354975830557,0.05668348145062511,-0.40283002711856225,-0.05534994181613736,0.9135996679030748,0.007580388,-0.013009978,0.09298855,-0.047382325,0.064988546,-0.09276878,1.047179,-0.03219088,1.3213372e-05,0.0070734443,0.9042507540589585,-0.014413010856101435,-0.42675852528317126,0.042350778492455866,0.9975295494682778,0.056046494080342325,0.424896440729842,-0.06875364030854521,0.9026272495329594,0.00015520761,-0.013308141,0.1037553,-0.0003020329,0.00017339618,0.0059600007,3.0733324e-12,7.2020666e-05,-0.021057472,0.007450847,0.9999812549934867,-0.00030379778882784144,-0.006115338793136494,-0.0013678316876104446,0.9624430201183737,-0.27148031615919793,0.0059681402568727854,0.271483592013085,0.9624245635734506,left_images/camera_left_17.png,right_images/camera_right_17.png
2025-05-25 16:14:16,0.9872267246246338,18,-0.010114134,-0.014821906,0.09887497,0.015296294,0.07012668,0.11968534,1.047179,0.029248653,0.00020383444,0.0020099003,0.915230340700638,-0.014996983565274314,0.4026518520321706,-0.008585436546598242,0.9983544029526684,0.05669899808925553,-0.4028395632758759,-0.05534958526460663,0.9135954847035627,0.0075803627,-0.013010005,0.09298855,-0.047382325,0.064988546,-0.09276878,1.047179,-0.03219086,1.3264769e-05,0.007073329,0.9042507913064662,-0.014413065606910264,-0.42675844451099093,0.04235079386533082,0.9975295533796645,0.05604641284813154,0.424896359928637,-0.06875357208158604,0.9026272927656332,0.00015520958,-0.013308141,0.1037553,-0.00030205466,0.00017335547,0.0059600007,3.709672e-12,7.2020666e-05,-0.021057472,0.007450847,0.9999812549934867,-0.00030379778882784144,-0.006115338793136494,-0.0013678316876104446,0.9624430201183737,-0.27148031615919793,0.0059681402568727854,0.271483592013085,0.9624245635734506,left_images/camera_left_18.png,right_images/camera_right_18.png
2025-05-25 16:14:16,1.0387158393859863,19,-0.010113729,-0.014824676,0.09887497,0.015271034,0.07014422,0.11967699,1.047179,0.029248742,0.00020375446,0.0020098053,0.9152273796760607,-0.015025887295653668,0.40265750483788343,-0.008559534502559188,0.9983539486826933,0.056710911813986464,-0.4028468416909723,-0.05534994002392925,0.9135922538413711,0.0075803846,-0.013009955,0.09298855,-0.047382325,0.064988546,-0.09276878,1.047179,-0.03219088,1.3213372e-05,0.0070734443,0.9042507540589585,-0.014413010856101435,-0.42675852528317126,0.042350778492455866,0.9975295494682778,0.056046494080342325,0.424896440729842,-0.06875364030854521,0.9026272495329594,0.00015521137,-0.013308141,0.1037553,-0.00030207602,0.00017342274,0.0059599727,8.485765e-13,7.201877e-05,-0.02105748,0.007450845,0.9999812557712214,-0.000303834234631218,-0.006115209805796309,-0.0013677593808446961,0.9624431207421452,-0.27147995979518746,0.005968026515285651,0.27148323524829,0.962424664915979,left_images/camera_left_19.png,right_images/camera_right_19.png
2025-05-25 16:14:16,1.0848941802978516,20,-0.010113441,-0.014826863,0.09887497,0.0152522735,0.070157304,0.11967083,1.047179,0.029248755,0.0002038331,0.0020098863,0.9152253202673856,-0.015047672564659364,0.4026613722370796,-0.00853980387786585,0.9983536309554327,0.05671947908638608,-0.4028519391677155,-0.05534975256033399,0.9135900174587728,0.0075803404,-0.013009986,0.09298855,-0.047382325,0.064988546,-0.09276878,1.047179,-0.03219088,1.3213372e-05,0.0070734443,0.9042507540589585,-0.014413010856101435,-0.42675852528317126,0.042350778492455866,0.9975295494682778,0.056046494080342325,0.424896440729842,-0.06875364030854521,0.9026272495329594,0.00015521108,-0.013308141,0.1037553,-0.00030207777,0.0001733973,0.005959945,3.0745185e-12,7.201877e-05,-0.02105748,0.007450845,0.9999812557712214,-0.000303834234631218,-0.006115209805796309,-0.0013677593808446961,0.9624431207421452,-0.27147995979518746,0.005968026515285651,0.27148323524829,0.962424664915979,left_images/camera_left_20.png,right_images/camera_right_20.png
2025-05-25 16:14:16,1.1304585933685303,21,-0.01011313,-0.014828592,0.09887497,0.015238389,0.07016715,0.11966618,1.047179,0.029248668,0.00020373869,0.0020099338,0.9152235781635817,-0.015063941007503835,0.40266472362844613,-0.008525030900756566,0.9983534026728683,0.056725719207841495,-0.4028562098585445,-0.05534944491888041,0.9135881529034734,0.007580405,-0.013009991,0.09298855,-0.047382325,0.064988546,-0.09276878,1.047179,-0.032190755,1.3200275e-05,0.007073392,0.9042506445340451,-0.014413024643001841,-0.42675875688778114,0.042350801104604194,0.9975295499474978,0.05604646846448929,0.42489667156329,-0.06875363046547403,0.9026271416217523,0.00015521064,-0.013308141,0.1037553,-0.0003020795,0.00017337187,0.005959917,3.0740267e-12,7.2020666e-05,-0.021057472,0.007450847,0.9999812549934867,-0.00030379778882784144,-0.006115338793136494,-0.0013678316876104446,0.9624430201183737,-0.27148031615919793,0.0059681402568727854,0.271483592013085,0.9624245635734506,left_images/camera_left_21.png,right_images/camera_right_21.png
2025-05-25 16:14:16,1.1951794624328613,22,-0.010112762,-0.014830239,0.09887497,0.015228138,0.070174806,0.11966265,1.047179,0.02924864,0.00020375155,0.002009998,0.915222557873892,-0.015075840491206702,0.40266659731377547,-0.00851433098037189,0.9983532160903141,0.05673060981589442,-0.4028587540649045,-0.05534957050971823,0.9135870233960542,0.007580417,-0.013009951,0.09298855,-0.047382325,0.064988546,-0.09276878,1.047179,-0.032190755,1.3200275e-05,0.007073392,0.9042506445340451,-0.014413024643001841,-0.42675875688778114,0.042350801104604194,0.9975295499474978,0.05604646846448929,0.42489667156329,-0.06875363046547403,0.9026271416217523,0.0001552137,-0.013308141,0.1037553,-0.00030208583,0.00017333128,0.0059599923,1.24489846e-11,7.2020666e-05,-0.021057472,0.007450847,0.9999812549934867,-0.00030379778882784144,-0.006115338793136494,-0.0013678316876104446,0.9624430201183737,-0.27148031615919793,0.0059681402568727854,0.271483592013085,0.9624245635734506,left_images/camera_left_22.png,right_images/camera_right_22.png
2025-05-25 16:14:16,1.244333028793335,23,-0.010112332,-0.014831547,0.09887497,0.015220584,0.07018056,0.1196598,1.047179,0.029248707,0.0002038866,0.0020098845,0.9152215905987926,-0.015084472068657491,0.4026684725729413,-0.00850652871989599,0.9983530906652572,0.056733987417297044,-0.4028611163551941,-0.05534948113160887,0.913585987123001,0.0075803827,-0.013009972,0.09298855,-0.047382325,0.064988546,-0.09276878,1.047179,-0.03219088,1.3213372e-05,0.0070734443,0.9042507540589585,-0.014413010856101435,-0.42675852528317126,0.042350778492455866,0.9975295494682778,0.056046494080342325,0.424896440729842,-0.06875364030854521,0.9026272495329594,0.0001552157,-0.013308141,0.1037553,-0.0003021072,0.00017339856,0.0059599644,2.9405567e-12,7.201877e-05,-0.02105748,0.007450845,0.9999812557712214,-0.000303834234631218,-0.006115209805796309,-0.0013677593808446961,0.9624431207421452,-0.27147995979518746,0.005968026515285651,0.27148323524829,0.962424664915979,left_images/camera_left_23.png,right_images/camera_right_23.png
2025-05-25 16:14:16,1.3022496700286865,24,-0.010112444,-0.014829131,0.09887497,0.015247592,0.070162185,0.11966841,1.047179,0.029248659,0.00020377286,0.0020099469,0.9152245471843224,-0.015052936781234844,0.4026629326440569,-0.008534926359627753,0.9983535745237675,0.05672120650737293,-0.40285379886912803,-0.055349339019327606,0.9135892224664408,0.0075803576,-0.013009998,0.09298855,-0.047382325,0.064988546,-0.09276878,1.047179,-0.03219088,1.3213372e-05,0.0070734443,0.9042507540589585,-0.014413010856101435,-0.42675852528317126,0.042350778492455866,0.9975295494682778,0.056046494080342325,0.424896440729842,-0.06875364030854521,0.9026272495329594,0.00015521541,-0.013308141,0.1037553,-0.00030210894,0.00017337312,0.0059599364,3.0801143e-12,7.2020666e-05,-0.021057472,0.007450847,0.9999812549934867,-0.00030379778882784144,-0.006115338793136494,-0.0013678316876104446,0.9624430201183737,-0.27148031615919793,0.0059681402568727854,0.271483592013085,0.9624245635734506,left_images/camera_left_24.png,right_images/camera_right_24.png
2025-05-25 16:14:16,1.352541446685791,25,-0.010112517,-0.014827206,0.09887497,0.015267567,0.07014862,0.1196749,1.047179,0.029248841,0.00020391837,0.0020100418,0.9152270554169926,-0.015029639480707048,0.402658101830599,-0.008556007433371107,0.9983539110954388,0.05671210573802269,-0.4028476533002783,-0.05534959925347734,0.9135919166087987,0.0075804787,-0.013009932,0.09298855,-0.047382325,0.064988546,-0.09276878,1.047179,-0.032190755,1.3200275e-05,0.007073392,0.9042506445340451,-0.014413024643001841,-0.42675875688778114,0.042350801104604194,0.9975295499474978,0.05604646846448929,0.42489667156329,-0.06875363046547403,0.9026271416217523,0.00015521738,-0.013308141,0.1037553,-0.0003021307,0.0001733324,0.0059599364,3.702278e-12,7.2020666e-05,-0.021057472,0.007450847,0.9999812549934867,-0.00030379778882784144,-0.006115338793136494,-0.0013678316876104446,0.9624430201183737,-0.27148031615919793,0.0059681402568727854,0.271483592013085,0.9624245635734506,left_images/camera_left_25.png,right_images/camera_right_25.png
2025-05-25 16:14:16,1.4189105033874512,26,-0.0101127215,-0.0148255285,0.09887497,0.015282341,0.07013837,0.11967963,1.047179,0.029248739,0.00020389468,0.0020099385,0.9152286119013285,-0.015012896446288032,0.4026551885887728,-0.008571213872927193,0.9983541496950116,0.05670560888919925,-0.40284379385800606,-0.05534983944911967,0.9135936038650034,0.007580337,-0.013009976,0.09298855,-0.047382325,0.064988546,-0.09276878,1.047179,-0.03219088,1.3213372e-05,0.0070734443,0.9042507540589585,-0.014413010856101435,-0.42675852528317126,0.042350778492455866,0.9975295494682778,0.056046494080342325,0.424896440729842,-0.06875364030854521,0.9026272495329594,0.00015521917,-0.013308141,0.1037553,-0.00030215207,0.00017339968,0.0059599085,8.4737295e-13,7.201877e-05,-0.02105748,0.007450845,0.9999812557712214,-0.000303834234631218,-0.006115209805796309,-0.0013677593808446961,0.9624431207421452,-0.27147995979518746,0.005968026515285651,0.27148323524829,0.962424664915979,left_images/camera_left_26.png,right_images/camera_right_26.png
2025-05-25 16:14:16,1.4813802242279053,27,-0.010112882,-0.014824034,0.09887497,0.015293305,0.0701305,0.119683236,1.047179,0.02924889,0.00020392262,0.0020099832,0.9152299706605639,-0.01500035003724174,0.40265256773479513,-0.008582531496457834,0.9983543352099995,0.05670063068884121,-0.40284046588913563,-0.055349894906497096,0.913595067946442,0.007580842,-0.013006481,0.09298855,-0.047414947,0.06496556,-0.092778705,1.047179,-0.032190893,1.3311219e-05,0.0070734434,0.9042533112843186,-0.014450982441362982,-0.42675182265319545,0.042384632241667976,0.9975290032776212,0.0560306217143279,0.42488762276757785,-0.06875359428011725,0.902631403892243,0.00015521888,-0.013308141,0.1037553,-0.0003021538,0.00017337424,0.0059598805,3.071353e-12,7.2014605e-05,-0.021057473,0.007450845,0.9999812582422488,-0.00030387952615093744,-0.006114803470456936,-0.0013676065337783646,0.9624430726624696,-0.27148013101586793,0.005967647494406203,0.27148340564619716,0.9624246191999272,left_images/camera_left_27.png,right_images/camera_right_27.png
2025-05-25 16:14:16,1.5415515899658203,28,-0.01011314,-0.014822805,0.09887497,0.01530146,0.07012454,0.11968609,1.047179,0.029248826,0.00020394428,0.0020099478,0.9152310091830752,-0.014990739233811654,0.40265056508957425,-0.00859108013317577,0.9983544938679468,0.05669654236213225,-0.40283792419765413,-0.05534963695363832,0.9135962043032061,0.0075814086,-0.013003483,0.09298855,-0.04743913,0.064948276,-0.09278619,1.047179,-0.032190856,1.3269717e-05,0.007073381,0.9042554255187274,-0.014478533092739956,-0.42674640888873105,0.04240914001137447,0.9975286095140768,0.05601908642961177,0.4248806776772053,-0.0687535110404924,0.9026346794003453,0.00015522211,-0.013308141,0.1037553,-0.00030218286,0.00017335947,0.0059598247,8.5195696e-13,7.2014605e-05,-0.021057473,0.007450845,0.9999812582422488,-0.00030387952615093744,-0.006114803470456936,-0.0013676065337783646,0.9624430726624696,-0.27148013101586793,0.005967647494406203,0.27148340564619716,0.9624246191999272,left_images/camera_left_28.png,right_images/camera_right_28.png
2025-05-25 16:14:16,1.6021480560302734,29,-0.010113344,-0.014822024,0.09887497,0.015307494,0.07012031,0.11968821,1.047179,0.029248808,0.00020387664,0.0020098835,0.9152314564362426,-0.014983922969316141,0.4026498021880103,-0.008597351393693112,0.9983545833116142,0.05669401670111783,-0.4028367742629856,-0.05534986931459608,0.9135966972730635,0.007581848,-0.013001248,0.09298855,-0.047457132,0.06493543,-0.09279181,1.047179,-0.03219085,1.31743145e-05,0.0070733624,0.9042568919600062,-0.014499564309026571,-0.4267425874900202,0.042427893876047784,0.9975283041963586,0.05601032180214169,0.4248756843643467,-0.06875350872490105,0.9026370299704874,0.0001552256,-0.013308141,0.1037553,-0.0003022119,0.00017334468,0.005959769,8.075007e-13,7.2014605e-05,-0.021057473,0.007450845,0.9999812582422488,-0.00030387952615093744,-0.006114803470456936,-0.0013676065337783646,0.9624430726624696,-0.27148013101586793,0.005967647494406203,0.27148340564619716,0.9624246191999272,left_images/camera_left_29.png,right_images/camera_right_29.png
2025-05-25 16:14:16,1.6615424156188965,30,-0.010113604,-0.014821566,0.09887497,0.015311987,0.07011722,0.11968978,1.047179,0.029248817,0.00020394957,0.0020097885,0.9152320277254739,-0.014978897168181684,0.4026486906288685,-0.008601889974358628,0.9983546562890535,0.05669204313512342,-0.4028353794223966,-0.05534991332956813,0.9135973096392211,0.007582253,-0.012999677,0.09298855,-0.04747044,0.06492594,-0.09279608,1.047179,-0.032190826,1.3223384e-05,0.00707337,0.9042580702389316,-0.014515394165323301,-0.4267395525844645,0.04244188046513761,0.9975280934148312,0.056003478737974996,0.42487177970576795,-0.06875322669080444,0.9026388893844849,0.00015522909,-0.013308141,0.1037553,-0.00030224095,0.0001733299,0.005959713,8.05911e-13,7.201356e-05,-0.021057475,0.0074509066,0.9999812583488362,-0.00030434588332207925,-0.006114762845890502,-0.0013671460555008872,0.9624431005346429,-0.2714800345235839,0.00596773514334428,0.27148330631338397,0.9624246466765137,left_images/camera_left_30.png,right_images/camera_right_30.png
2025-05-25 16:14:16,1.7230312824249268,31,-0.010113874,-0.0148210665,0.09887497,0.015315347,0.07011476,0.119691156,1.047179,0.02924867,0.00020389946,0.0020098463,0.9152324708705785,-0.01497483997731716,0.4026478342569216,-0.00860554072156487,0.9983547173357332,0.056690414025454605,-0.4028342946336932,-0.05534991003734076,0.9135977881572575,0.0075825443,-0.012998333,0.09298855,-0.04748025,0.06491875,-0.09279918,1.047179,-0.032190967,1.3292709e-05,0.0070734257,0.9042588095517914,-0.014526212911508615,-0.4267376178478135,0.04245155364398521,0.9975279321376639,0.055999019619704,0.4248692398152505,-0.06875328169335386,0.902640080716121,0.00015523011,-0.013308163,0.1037553,-0.0003022956,0.00017329775,0.005959685,1.6804978e-12,7.201356e-05,-0.021057475,0.0074509066,0.9999812583488362,-0.00030434588332207925,-0.006114762845890502,-0.0013671460555008872,0.9624431005346429,-0.2714800345235839,0.00596773514334428,0.27148330631338397,0.9624246466765137,left_images/camera_left_31.png,right_images/camera_right_31.png
2025-05-25 16:14:16,1.7687928676605225,32,-0.010113873,-0.014820706,0.09887497,0.015317764,0.07011297,0.11969205,1.047179,0.029248765,0.00020394998,0.0020099655,0.915232795162694,-0.014971969424458904,0.4026472038773337,-0.00860834351963323,0.9983547301068711,0.05668976358289203,-0.4028334979622848,-0.055350456229278464,0.9135981063436376,0.0075833225,-0.012993649,0.09298855,-0.04752017,0.06489013,-0.0928115,1.047179,-0.032190755,1.3303885e-05,0.007073256,0.9042622432002062,-0.014572899851875556,-0.4267287500420364,0.042492992757289946,0.9975272789102949,0.05597922289878592,0.42485778925313405,-0.06875287935592414,0.9026455010086792,0.00015523098,-0.013308164,0.1037553,-0.00030226802,0.00017320228,0.005959685,9.149731e-13,7.201356e-05,-0.021057475,0.0074509066,0.9999812583488362,-0.00030434588332207925,-0.006114762845890502,-0.0013671460555008872,0.9624431005346429,-0.2714800345235839,0.00596773514334428,0.27148330631338397,0.9624246466765137,left_images/camera_left_32.png,right_images/camera_right_32.png
2025-05-25 16:14:17,1.8250107765197754,33,-0.010113921,-0.014820284,0.09887497,0.015319577,0.07011141,0.1196925,1.047179,0.029248742,0.00020391343,0.0020097168,0.9152332376902651,-0.01497009650760336,0.40264626763146294,-0.008609833880108279,0.9983547804575204,0.05668865052347872,-0.4028324606924715,-0.055350054635647884,0.9135985880375905,0.0075838314,-0.012989972,0.09298855,-0.04754981,0.064868994,-0.09282049,1.047179,-0.032190867,1.3522571e-05,0.0070733745,0.9042644447227517,-0.0146074405415848,-0.42672290387449047,0.04252380242994361,0.9975267769120129,0.05596477079762306,0.4248500208746055,-0.06875283284603934,0.902649160936015,0.00015523186,-0.013308164,0.1037553,-0.00030224043,0.00017310679,0.005959685,1.5680641e-13,7.201356e-05,-0.021057475,0.0074509066,0.9999812583488362,-0.00030434588332207925,-0.006114762845890502,-0.0013671460555008872,0.9624431005346429,-0.2714800345235839,0.00596773514334428,0.27148330631338397,0.9624246466765137,left_images/camera_left_33.png,right_images/camera_right_33.png
2025-05-25 16:14:17,1.8884248733520508,34,-0.010114114,-0.014820164,0.09887497,0.015320907,0.07011051,0.119692944,1.047179,0.029248767,0.00020383374,0.0020098398,0.9152331619976144,-0.014968371214660962,0.4026465038256619,-0.00861146263831212,0.9983548010296796,0.056688040821834214,-0.40283259785061787,-0.05535015017295885,0.9135985217724213,0.007584389,-0.012986905,0.09298855,-0.047571756,0.06485297,-0.09282741,1.047179,-0.032190837,1.3285491e-05,0.0070733465,0.9042663072775087,-0.014632364581246175,-0.42671810300180574,0.042545896919137446,0.9975264303480408,0.05595415455925787,0.4248438444629324,-0.06875256114397979,0.9026520886576948,0.00015523273,-0.013308185,0.1037553,-0.0003022951,0.00017307464,0.005959657,1.6861404e-12,7.201356e-05,-0.021057475,0.0074509066,0.9999812583488362,-0.00030434588332207925,-0.006114762845890502,-0.0013671460555008872,0.9624431005346429,-0.2714800345235839,0.00596773514334428,0.27148330631338397,0.9624246466765137,left_images/camera_left_34.png,right_images/camera_right_34.png
2025-05-25 16:14:17,1.9435076713562012,35,-0.010114277,-0.014820172,0.09887497,0.01532193,0.07010984,0.11969339,1.047179,0.029248763,0.00020385318,0.0020098118,0.9152331997331078,-0.014967118897111298,0.40264646460414494,-0.008612511244933512,0.9983548325299005,0.05668732675166661,-0.4028324896980792,-0.055349920651379954,0.9135985833655462,0.007584769,-0.012984907,0.09298855,-0.047588047,0.064841375,-0.09283252,1.047179,-0.032190904,1.3246434e-05,0.0070733856,0.9042678117107691,-0.014651446438930824,-0.4267142601566815,0.04256302878470414,0.997526127931967,0.0559465161893859,0.42483892628205505,-0.06875288510530968,0.9026543787658743,0.0001552336,-0.013308186,0.1037553,-0.00030226752,0.00017297917,0.005959657,9.140001e-13,7.20115e-05,-0.021057464,0.0074509047,0.999981258868836,-0.00030432950493146187,-0.0061146786220152615,-0.001367142555456524,0.962442936651704,-0.2714806155335542,0.005967648810977577,0.27148388731708706,0.9624244833205732,left_images/camera_left_35.png,right_images/camera_right_35.png
2025-05-25 16:14:17,1.9905481338500977,36,-0.010114396,-0.014820249,0.09887497,0.015322681,0.07010939,0.11969384,1.047179,0.029248714,0.00020378118,0.0020098733,0.915233223973077,-0.014966419985801624,0.4026464354848503,-0.00861325793728361,0.9983548278613329,0.05668729552266448,-0.4028324186601085,-0.055350193845881634,0.9135985981368788,0.0075850924,-0.012983343,0.09298855,-0.047600124,0.06483256,-0.09283632,1.047179,-0.032190673,1.3166922e-05,0.0070732916,0.9042686139511456,-0.014665200626020307,-0.426712087611158,0.042575343196707506,0.9975259212516188,0.05594083108778126,0.42483598479243323,-0.0687529513672517,0.9026557581402422,0.00015523448,-0.013308186,0.1037553,-0.00030229113,0.00017296395,0.005959629,2.693439e-13,7.20115e-05,-0.021057464,0.0074509047,0.999981258868836,-0.00030432950493146187,-0.0061146786220152615,-0.001367142555456524,0.962442936651704,-0.2714806155335542,0.005967648810977577,0.27148388731708706,0.9624244833205732,left_images/camera_left_36.png,right_images/camera_right_36.png
2025-05-25 16:14:17,2.0372400283813477,37,-0.0101143485,-0.014820472,0.09887497,0.015323234,0.070109166,0.11969384,1.047179,0.029248621,0.00020399556,0.0020099906,0.9152331767058706,-0.014965611276481014,0.40264657298430107,-0.008613693155617655,0.9983548828305249,0.056686261286753484,-0.40283251674498877,-0.055349421022902176,0.9135986017093766,0.0075851725,-0.012982209,0.09298855,-0.04760906,0.06482609,-0.092839055,1.047179,-0.03219084,1.3264129e-05,0.007073391,0.9042694037932647,-0.014675878260851379,-0.4267100467069485,0.04258474219132226,0.99752578316987,0.05593613897862496,0.42483336156176826,-0.06875267637416088,0.9026570137075973,0.00015523535,-0.013308186,0.1037553,-0.00030231476,0.00017294873,0.005959601,2.719525e-13,7.20115e-05,-0.021057464,0.0074509047,0.999981258868836,-0.00030432950493146187,-0.0061146786220152615,-0.001367142555456524,0.962442936651704,-0.2714806155335542,0.005967648810977577,0.27148388731708706,0.9624244833205732,left_images/camera_left_37.png,right_images/camera_right_37.png
