Epoch Time (Seconds),Time (Seconds),Frame Number,PSM1_joint_1,PSM1_joint_2,PSM1_joint_3,PSM1_joint_4,PSM1_joint_5,PSM1_joint_6,PSM1_jaw_angle,PSM1_ee_x,PSM1_ee_y,PSM1_ee_z,"PSM1_Orientation_Matrix_[1,1]","PSM1_Orientation_Matrix_[1,2]","PSM1_Orientation_Matrix_[1,3]","PSM1_Orientation_Matrix_[2,1]","PSM1_Orientation_Matrix_[2,2]","PSM1_Orientation_Matrix_[2,3]","PSM1_Orientation_Matrix_[3,1]","PSM1_Orientation_Matrix_[3,2]","PSM1_Orientation_Matrix_[3,3]",PSM2_joint_1,PSM2_joint_2,PSM2_joint_3,PSM2_joint_4,PSM2_joint_5,PSM2_joint_6,PSM2_jaw_angle,PSM2_ee_x,PSM2_ee_y,PSM2_ee_z,"PSM2_Orientation_Matrix_[1,1]","PSM2_Orientation_Matrix_[1,2]","PSM2_Orientation_Matrix_[1,3]","PSM2_Orientation_Matrix_[2,1]","PSM2_Orientation_Matrix_[2,2]","PSM2_Orientation_Matrix_[2,3]","PSM2_Orientation_Matrix_[3,1]","PSM2_Orientation_Matrix_[3,2]","PSM2_Orientation_Matrix_[3,3]",Camera Left,Camera Right
2025-06-02 14:20:25,0.0009479522705078125,1,0.008146905,0.020530783,0.1105778,0.027332775,-0.059493702,0.16914545,0.0012926944,0.045563295,-0.0012816975,0.0007238928,0.9402164288883014,0.042945552870545634,0.33785906283119516,-0.033487503477079975,0.9988682519694938,-0.03377576525085608,-0.33892721041457097,0.020442472845806844,0.9405904801477347,0.01773315,-0.019004393,0.109768175,-0.013019898,-0.023539977,-0.0074093007,0.21929237,-0.042058114,0.0025708412,0.0035286387,0.8605105485794973,-0.03307503949474051,-0.5083577849761264,0.013331672236138533,0.9990104374161749,-0.04243126735004038,0.5092581489763325,0.029735293776315456,0.8600999651233776,left_images/camera_left_1.png,right_images/camera_right_1.png
2025-06-02 14:20:25,0.06371569633483887,2,0.008546775,0.018563716,0.11050978,0.0036375818,-0.048642352,0.19130181,0.0016581836,0.045803588,-0.0012201308,0.00069767144,0.9479408075357866,0.017980495767491653,0.3179385588134225,-0.009288425309574376,0.999541064192353,-0.028833767504213497,-0.31831109085872167,0.02437955629567107,0.947672774047644,0.01801518,-0.019215645,0.11005762,-0.01809021,-0.024374256,-0.008937258,0.24595904,-0.041896604,0.002614992,0.0032895524,0.861022475520201,-0.03796376961530923,-0.5071479555767334,0.018474509621952427,0.9988865774680659,-0.04340849972484264,0.5082312358988702,0.02800638410664611,0.8607651557224988,left_images/camera_left_2.png,right_images/camera_right_2.png
2025-06-02 14:20:25,0.11611580848693848,3,0.009036539,0.017724613,0.110499226,-0.016923614,-0.04291295,0.20937411,0.0019014047,0.04600041,-0.0011911188,0.0006325273,0.9535628512073835,-0.0023154560323695016,0.3011852045845007,0.011317214251241138,0.999539743980936,-0.02814641831772389,-0.3009814104871543,0.030247956391911204,0.9531501726775672,0.017571239,-0.019601382,0.110390216,-0.023921162,-0.024837542,-0.010244447,0.2726255,-0.041781716,0.0026725738,0.0029723868,0.8617405084416424,-0.043381062515377974,-0.505491225963198,0.024367572386209096,0.9987268268104844,-0.044169523713347064,0.5067637689562493,0.02574507378311307,0.861700454711009,left_images/camera_left_3.png,right_images/camera_right_3.png
2025-06-02 14:20:25,0.1706242561340332,4,0.008797652,0.015868157,0.11045443,-0.037668765,-0.03311278,0.2299927,0.0075407075,0.046169434,-0.0011126584,0.00062793586,0.9590022224604262,-0.02425832421507911,0.28235840880384455,0.03273766636963712,0.999142426735981,-0.025350666594881787,-0.28150130109225646,0.033555100989426795,0.9589739687191493,0.017092407,-0.020325758,0.11079748,-0.032727443,-0.024518142,-0.012269454,0.29929197,-0.041639004,0.0027554773,0.0025854418,0.8626870060664201,-0.051118244555123954,-0.503148143828196,0.03326179936672753,0.9984595011008475,-0.04441032947788419,0.5046432227495421,0.021576601563944375,0.8630583224776335,left_images/camera_left_4.png,right_images/camera_right_4.png
2025-06-02 14:20:25,0.22617173194885254,5,0.00911246,0.013244449,0.11039532,-0.07148122,-0.021427875,0.2543281,0.008526025,0.046436377,-0.0009415278,0.0006004609,0.9640266558033941,-0.05810874955090482,0.25937613638527957,0.06707197521670989,0.9974136336605899,-0.025833960759206118,-0.2572041155212218,0.042301496588293006,0.9654307983202821,0.01609775,-0.02051428,0.111169316,-0.04370371,-0.023979194,-0.013958741,0.31934565,-0.041562207,0.002772413,0.002198373,0.8635546879269365,-0.06031828185624071,-0.5006346031122126,0.044296574660571554,0.9980559842247997,-0.04384137117389294,0.5023057977295822,0.015683023527934374,0.8645478172665007,left_images/camera_left_5.png,right_images/camera_right_5.png
2025-06-02 14:20:25,0.28386378288269043,6,0.00762364,0.00811453,0.110384606,-0.12856421,-0.0029729123,0.28622496,0.024716591,0.046582915,-0.00052563543,0.0006095031,0.9663912179978891,-0.11401006780039444,0.23041206178649978,0.12444843181681137,0.9917341464666558,-0.03124052737054929,-0.22494577478782032,0.05886499105752967,0.9725915438830959,0.014891424,-0.02023514,0.11142154,-0.05975226,-0.023465907,-0.017249193,0.32831705,-0.041582312,0.0027321319,0.0018919203,0.8649219680324073,-0.07363892401741184,-0.4964748715539441,0.06044839737761782,0.9972614980196497,-0.042608635534148266,0.4982529282095842,0.006842034577676501,0.8670047324515668,left_images/camera_left_6.png,right_images/camera_right_6.png
2025-06-02 14:20:25,0.349933385848999,7,0.0073838127,0.002478762,0.110379875,-0.16570334,0.015215047,0.3105125,0.037835367,0.046812743,-8.03126e-05,0.00056160986,0.9666528389241169,-0.15213896554940481,0.20600005864441437,0.16239969284184214,0.986147672983462,-0.033750656796248335,-0.1980116884550517,0.06607951445690136,0.9779697689623742,0.014039978,-0.020508757,0.11169371,-0.07849839,-0.021840997,-0.021032263,0.34768596,-0.041561164,0.0027327917,0.0015877681,0.8658933003838851,-0.08898636534663103,-0.49225015909870395,0.07927258869538654,0.9960253778304443,-0.04061161655552677,0.4939075308515102,-0.003856617704280245,0.8695058812153302,left_images/camera_left_7.png,right_images/camera_right_7.png
2025-06-02 14:20:25,0.40631699562072754,8,0.006194677,-0.0038213243,0.11043757,-0.21125019,0.03577614,0.3378789,0.06450011,0.04697246,0.00045174212,0.0005055107,0.9637960226813782,-0.19794929223748547,0.1786429521874139,0.20815255269345267,0.9772734589007998,-0.04011360536359243,-0.16664255600162728,0.07584631982334542,0.9830959232437592,0.0125664845,-0.02176296,0.111535445,-0.10253104,-0.0188954,-0.02406454,0.37369323,-0.041815355,0.0028105634,0.001622919,0.8659184612447421,-0.108675176019463,-0.48823654573646647,0.10327308495760373,0.9939240863484675,-0.038073356822107905,0.48940769139734364,-0.0174532717134274,0.8718804361307918,left_images/camera_left_8.png,right_images/camera_right_8.png
2025-06-02 14:20:25,0.4615623950958252,9,0.00088287605,-0.0075721294,0.1102734,-0.2883683,0.069458105,0.36788648,0.08224635,0.04694541,0.00061911775,0.0008379128,0.9491335887553768,-0.276832576855005,0.15003051385687322,0.2865639132064311,0.9568957389613493,-0.047240537734351364,-0.130485839630807,0.08783091226573597,0.9875521133117038,0.012780251,-0.02253152,0.111507274,-0.12893933,-0.013693114,-0.028071687,0.37498444,-0.041836638,0.0027911102,0.0016419245,0.8648086139453156,-0.12891922201067507,-0.48526888983546485,0.12951190215034103,0.9910457486935095,-0.03248062804075634,0.48511104754208884,-0.03475857006097549,0.8737614739503761,left_images/camera_left_9.png,right_images/camera_right_9.png
2025-06-02 14:20:26,0.5078942775726318,10,-0.0025307979,-0.013179416,0.11020392,-0.34504503,0.09801942,0.38934255,0.094928,0.04700468,0.0010422869,0.0010058321,0.9339909666118951,-0.33401441709416,0.12686703062902652,0.3428731669931726,0.9377515825281173,-0.055316912622483366,-0.10049311241796538,0.09516479726905314,0.9903760880177237,0.013344559,-0.023862926,0.11151683,-0.1603535,-0.008569876,-0.03272627,0.3858381,-0.041806623,0.0028343725,0.0016504778,0.8624443368300203,-0.15361271305247914,-0.48227886150906846,0.1605938086078585,0.9866491114114997,-0.027076919834440914,0.47999936927734504,-0.05409866301078922,0.8755991892149033,left_images/camera_left_10.png,right_images/camera_right_10.png
2025-06-02 14:20:26,0.5649323463439941,11,-0.008626974,-0.017670287,0.11002428,-0.4157842,0.13346039,0.4092641,0.119187854,0.046933595,0.0013256167,0.0013953447,0.9085847760196223,-0.40430712256113693,0.10492595213628779,0.4119554757320439,0.9088745996491786,-0.06511258040448692,-0.06903905271480866,0.1023851198118125,0.9923461575686998,0.014016362,-0.025288185,0.111546315,-0.19648133,0.00048334475,-0.038740102,0.39185578,-0.041748084,0.0028118803,0.0016515637,0.8589840927778787,-0.18011565532374332,-0.4792751600718145,0.1959709412237989,0.9804582449486143,-0.017234271326094553,0.47301344436540416,-0.07912003930472722,0.8774954705467118,left_images/camera_left_11.png,right_images/camera_right_11.png
2025-06-02 14:20:26,0.613347053527832,12,-0.01361943,-0.019587452,0.10983094,-0.47473526,0.16461065,0.42567965,0.1445975,0.046956297,0.0013797546,0.0017458182,0.88255339301286,-0.4624328069542205,0.08517868004335884,0.46842495847572685,0.8804321757968759,-0.07360191640570603,-0.04095810980137983,0.10485744071843232,0.9936434724625722,0.015104073,-0.026912767,0.11160296,-0.23048098,0.0075422567,-0.04387368,0.41312063,-0.04162574,0.0028497945,0.001662069,0.8541903108346133,-0.20563731548451178,-0.47756906030080093,0.22900080699275024,0.9733795475018721,-0.00953346221053663,0.4668163913927357,-0.10122030915470451,0.8785424894344553,left_images/camera_left_12.png,right_images/camera_right_12.png
2025-06-02 14:20:26,0.6619529724121094,13,-0.026994642,-0.02221031,0.10941601,-0.5695961,0.21462661,0.44034213,0.16066094,0.046506207,0.0014603118,0.0026824502,0.8318766342413099,-0.5508682637771048,0.0672712521553455,0.554908573626994,0.8273246431564771,-0.0872376624014135,-0.0075987050610707325,0.10990036755719214,0.9939135620828348,0.017273337,-0.028012877,0.111748934,-0.27781284,0.020895971,-0.051056303,0.39361006,-0.041326202,0.0027084476,0.0016731946,0.845801354655617,-0.23813878739691652,-0.4773991897771187,0.2741917645199524,0.9616557950957453,0.006083422408880032,0.45764499858750574,-0.13604429313975686,0.8786654685214081,left_images/camera_left_13.png,right_images/camera_right_13.png
2025-06-02 14:20:26,0.7121951580047607,14,-0.039135482,-0.025097251,0.1089924,-0.6502679,0.25718534,0.45179084,0.18191816,0.046156216,0.0016895207,0.0035794657,0.782447906733108,-0.6205358670106338,0.05206256814966742,0.6222485466873331,0.7758841105756721,-0.10397400204714809,0.024125078123802435,0.11375009762439568,0.9932164396021449,0.01875715,-0.029478464,0.111843035,-0.3182654,0.031644166,-0.05752504,0.40084392,-0.041113302,0.0026585371,0.0016978523,0.8374557652886767,-0.26596525456669395,-0.4774204902892528,0.31223261360374877,0.9498243717478377,0.01855957531835066,0.4485294150743393,-0.16460907082265874,0.8784789226930673,left_images/camera_left_14.png,right_images/camera_right_14.png
2025-06-02 14:20:26,0.7691364288330078,15,-0.051193655,-0.02880411,0.10880562,-0.72238344,0.29650193,0.459939,0.2085855,0.045678172,0.0020728852,0.004286333,0.7337783861812769,-0.6782341219400868,0.039594896253941754,0.6772539640090284,0.7256125665583039,-0.12171060548172694,0.053817731346262936,0.11612441211403596,0.991775565692113,0.019509079,-0.031338196,0.11195085,-0.37088996,0.04502004,-0.06620303,0.41950342,-0.04094471,0.0026005462,0.0016862964,0.8253114873328283,-0.30176614612227187,-0.4772820360447125,0.36077016346482743,0.9320140109222768,0.03456548275565585,0.4344028522351531,-0.20071640814612418,0.8780700914339823,left_images/camera_left_15.png,right_images/camera_right_15.png
2025-06-02 14:20:26,0.8211987018585205,16,-0.06127443,-0.031901535,0.10858424,-0.78379166,0.32952112,0.4645272,0.2212179,0.045337588,0.0024420465,0.004936493,0.6894622408093207,-0.7236921598219582,0.030190665948591395,0.7199392680985407,0.6801171313607088,-0.13830451142105843,0.07955670146460105,0.11709118430483767,0.9899294852716343,0.02035154,-0.03264588,0.112080134,-0.41335094,0.055809584,-0.07261624,0.41883442,-0.04074274,0.0025385916,0.0016694907,0.813612276028045,-0.32971793970581315,-0.47887487356575537,0.399068392958351,0.9156876387756875,0.047545409190009005,0.4228232278838328,-0.2297873548077875,0.8765947122429707,left_images/camera_left_16.png,right_images/camera_right_16.png
2025-06-02 14:20:26,0.8722085952758789,17,-0.07022797,-0.03351267,0.10854532,-0.8362333,0.35723007,0.4693183,0.24076062,0.044950746,0.002705298,0.0053919535,0.6495510324654177,-0.7599990376305253,0.022020876998554845,0.7532585053298947,0.6393124294408762,-0.154535567784824,0.10336866242378823,0.11696615050124684,0.9877417877490233,0.020772677,-0.033556942,0.111992836,-0.45730448,0.06756401,-0.07996571,0.4317396,-0.04067879,0.0024088828,0.0018256148,0.8007425569448537,-0.35740541369709844,-0.48070024730326866,0.43770981499919726,0.8969600960901885,0.062231052339235426,0.40892722500560696,-0.26023826828867047,0.8746739783298276,left_images/camera_left_17.png,right_images/camera_right_17.png
2025-06-02 14:20:26,0.9208765029907227,18,-0.08041856,-0.036675107,0.1087195,-0.89195246,0.38842347,0.47110924,0.26244563,0.04437812,0.0031553349,0.005742362,0.6055159510813721,-0.7956995830712098,0.014581031730451874,0.7855064231986756,0.5946164720996095,-0.17149609389556822,0.1277892487639109,0.11529711448304893,0.9850768920709886,0.021350512,-0.03507883,0.111888394,-0.51505256,0.08112873,-0.088056505,0.43294513,-0.04056643,0.0023216708,0.0020385263,0.780854280215115,-0.39357339286488136,-0.48514593422861957,0.48724567334466173,0.8697131146795313,0.07868133172065295,0.3909709028516592,-0.2978239120407459,0.8708861409737235,left_images/camera_left_18.png,right_images/camera_right_18.png
2025-06-02 14:20:26,0.9767699241638184,19,-0.09006453,-0.039819807,0.10885478,-0.93798906,0.4148656,0.47140357,0.28064698,0.04381135,0.0036073322,0.006117693,0.568224960291864,-0.8228182115673144,0.009517626514829222,0.8094770832270994,0.5568584611943594,-0.18615989344216294,0.14787577973237193,0.11348499860957954,0.9824733629260014,0.022112904,-0.036777996,0.11181646,-0.5718714,0.09372982,-0.09566562,0.4352651,-0.040402602,0.0022853953,0.0022483636,0.7587209029212141,-0.42793649702973663,-0.49113434616236723,0.5343515519707865,0.8400741343983625,0.09350864998091792,0.37257349661084266,-0.33338536744248426,0.8660503371042646,left_images/camera_left_19.png,right_images/camera_right_19.png
2025-06-02 14:20:26,1.0255506038665771,20,-0.10075615,-0.04285109,0.10900179,-0.9816637,0.43783402,0.47001725,0.30567664,0.043090113,0.0040809177,0.006560066,0.5332243502021683,-0.8459316594276847,0.008451031262470723,0.8296088699979682,0.5209278559858874,-0.20095594462130478,0.16559261810892967,0.114165653485934,0.979563825583591,0.022347031,-0.03807158,0.11171019,-0.62166405,0.10538924,-0.10103698,0.43734992,-0.040293332,0.0022382739,0.0024647592,0.7371735711132414,-0.45629240320062325,-0.49836971099129906,0.5741968907635984,0.8118187290199524,0.10605791743121165,0.3561924433358566,-0.3643454322395565,0.8604529907650991,left_images/camera_left_20.png,right_images/camera_right_20.png
2025-06-02 14:20:26,1.0745680332183838,21,-0.10938051,-0.0457357,0.10924919,-1.0179882,0.4589417,0.4680125,0.32331717,0.042475473,0.004518155,0.0068184203,0.5031104167388143,-0.8642015235260063,0.005969531323849725,0.8450757077451534,0.49050659342497943,-0.21272124949249996,0.1809059334237689,0.1120669823897821,0.977094690759357,0.022204136,-0.03956567,0.111578606,-0.67177993,0.1166224,-0.10672517,0.4467796,-0.040224973,0.0022313679,0.0026893988,0.7140852156023882,-0.4838708981880534,-0.5059162566520047,0.61284543410403,0.7813926410308242,0.11766908872221457,0.3383825922767505,-0.3940742245181228,0.8545190031909803,left_images/camera_left_21.png,right_images/camera_right_21.png
2025-06-02 14:20:26,1.1258502006530762,22,-0.11818565,-0.049018443,0.10972553,-1.0514728,0.47930476,0.46548885,0.33830374,0.0416989,0.0050086146,0.0069180215,0.47523952314923873,-0.8798481363832806,0.0038278636015420253,0.8579462824283601,0.4624358841153951,-0.2237883588343444,0.1951296289758186,0.1096371742853704,0.9746302467656535,0.021988673,-0.04060441,0.111483574,-0.7226237,0.12863712,-0.11147243,0.4608009,-0.040115405,0.002183252,0.0028987834,0.6887864311677856,-0.5097414057480956,-0.515496800673972,0.6504913964990349,0.7484703083592295,0.1290470479529669,0.32005342572745676,-0.42421208937345883,0.8471185914082655,left_images/camera_left_22.png,right_images/camera_right_22.png
2025-06-02 14:20:26,1.1834607124328613,23,-0.12389739,-0.051091664,0.11015209,-1.0782119,0.49516964,0.4626935,0.34657344,0.04116437,0.0053542824,0.006890378,0.45247921467570984,-0.8917738567851456,0.001395937319291926,0.8675547139326405,0.4398271871787811,-0.23216559553830457,0.206425237361392,0.10626115834559675,0.9726752734635259,0.022042675,-0.04177914,0.11118268,-0.7717463,0.13899903,-0.117346324,0.4669935,-0.040100627,0.0021724869,0.0032931361,0.6633836923823617,-0.5338276336676686,-0.5243568767680284,0.6852141421999554,0.7149495985381557,0.1390275184246248,0.3006720073607175,-0.4515253360365368,0.8400721486317524,left_images/camera_left_23.png,right_images/camera_right_23.png
2025-06-02 14:20:26,1.2366280555725098,24,-0.1292837,-0.05341552,0.11064455,-1.1010791,0.5080503,0.45963913,0.36103177,0.04057174,0.0057275044,0.0068040183,0.4336147154651763,-0.9010982669906908,0.0004379023040164548,0.8748610930829979,0.420872691630035,-0.23975872298982526,0.21586186866067025,0.10434601413788251,0.9708324072628913,0.02235371,-0.04281181,0.11094733,-0.81146187,0.146427,-0.12265119,0.46904626,-0.040064182,0.0021926707,0.0036190446,0.6420150146135304,-0.552579306748997,-0.5314817313545087,0.7120883710949077,0.6866924217617069,0.1462315617315323,0.28415994221949925,-0.4723448185889626,0.8343521436359895,left_images/camera_left_24.png,right_images/camera_right_24.png
2025-06-02 14:20:26,1.2952227592468262,25,-0.13475409,-0.056737266,0.11107186,-1.1212647,0.5161824,0.45688313,0.38561055,0.03993921,0.0062276064,0.006794773,0.41908027552605154,-0.9079453173662901,0.0026501580397106095,0.8796791634695416,0.4053073217894635,-0.24877810245554122,0.2248027847303859,0.10658928452935122,0.96855688134512,0.023164473,-0.043965735,0.11072898,-0.85362357,0.15349959,-0.12667927,0.46876645,-0.039955415,0.002252291,0.0039694295,0.6173788074040112,-0.5715473872248492,-0.540533988131042,0.7397086677442731,0.6556210767100966,0.15163143024283057,0.26772092752041954,-0.493451707799195,0.8275451148050265,left_images/camera_left_25.png,right_images/camera_right_25.png
2025-06-02 14:20:26,1.3568284511566162,26,-0.13954929,-0.06015767,0.11156211,-1.1358311,0.5274313,0.45341107,0.3860554,0.03937596,0.006667451,0.006693556,0.4071986771510542,-0.9133389973234106,0.0010551278115003143,0.8837534396796173,0.3937162127523749,-0.2529177765013205,0.23058424746906897,0.10392025685203873,0.9674872014837869,0.023220228,-0.045134526,0.11050159,-0.885976,0.16080119,-0.13218309,0.47748384,-0.039948042,0.0022956566,0.004271064,0.5993763924650106,-0.584436353143475,-0.5469754009825167,0.7595296549391272,0.6309621612626286,0.1581184819141747,0.2527105922269189,-0.5102165228402038,0.822080565636466,left_images/camera_left_26.png,right_images/camera_right_26.png
2025-06-02 14:20:26,1.4151372909545898,27,-0.14486343,-0.06282605,0.112013824,-1.1526047,0.53910863,0.45033598,0.3986678,0.03879416,0.0070507117,0.006657495,0.3933236930643781,-0.9194000248968787,-0.00025825146222803463,0.8882098769532575,0.3800529127261425,-0.258153051523809,0.23744407121863076,0.10130833010169467,0.9661039981777986,0.023195496,-0.046377707,0.11020792,-0.92962533,0.1708638,-0.13759935,0.49078172,-0.03992044,0.0023409135,0.004673728,0.5734198742817788,-0.6003685765980463,-0.5574470557930185,0.785298921893491,0.5966737337813954,0.16518492270267596,0.23344217924700228,-0.532482889536372,0.8136133733533429,left_images/camera_left_27.png,right_images/camera_right_27.png
2025-06-02 14:20:26,1.4668858051300049,28,-0.15020066,-0.06497744,0.11228685,-1.1668442,0.54673177,0.44671565,0.41703063,0.03825075,0.0073683374,0.0067707784,0.38262517088011455,-0.9239022092444367,0.0016390125724479315,0.891665206944217,0.36880882656499253,-0.262513253328056,0.2419320924021655,0.10190562889753814,0.9649269948886847,0.023042236,-0.04731673,0.10993651,-0.9702401,0.18062477,-0.1421988,0.48889405,-0.039893296,0.0023713075,0.005050146,0.5484437018542097,-0.6136092272024106,-0.5680609317568948,0.8080032018483007,0.563783493861388,0.171111068760442,0.2152680461641842,-0.5528398396837069,0.8050017266808488,left_images/camera_left_28.png,right_images/camera_right_28.png
2025-06-02 14:20:27,1.5216009616851807,29,-0.15341952,-0.06678015,0.11246659,-1.174899,0.551935,0.44468224,0.41730046,0.037926663,0.007611109,0.006831603,0.37660879242465434,-0.9263701992355545,0.0020177801471893547,0.8934091928438582,0.36263114824075354,-0.26517666652192134,0.2449200514668598,0.10167056749065286,0.9641977308081571,0.022718007,-0.04844733,0.10972622,-1.0100441,0.1914039,-0.14622405,0.5039088,-0.03983354,0.002432551,0.0053806296,0.523102171113029,-0.6246781592841899,-0.579776953569346,0.8290380930806771,0.5307117159366171,0.17618432049636495,0.19763592486688702,-0.5728195805669771,0.7954984408036778,left_images/camera_left_29.png,right_images/camera_right_29.png
2025-06-02 14:20:27,1.573566198348999,30,-0.15701202,-0.06776457,0.1123536,-1.1816725,0.5523824,0.4418055,0.43657002,0.037667103,0.007753998,0.007145551,0.3730381038668256,-0.927789758778525,0.006981158151048564,0.8947550911047143,0.35774473830268855,-0.26726771065531896,0.24547077220239044,0.10594746680514541,0.9635970289866687,0.021889972,-0.049641483,0.109232314,-1.0560398,0.20400919,-0.15103774,0.5104791,-0.039930582,0.002495827,0.005957945,0.49331598491342216,-0.6359705489243118,-0.5934482285168688,0.8517653081114357,0.4915724490001135,0.18125227524602758,0.17645169006481956,-0.5948932578916493,0.7841981973891093,left_images/camera_left_30.png,right_images/camera_right_30.png
2025-06-02 14:20:27,1.6333801746368408,31,-0.15991281,-0.069382854,0.11240868,-1.1872458,0.55628604,0.43929052,0.4498939,0.03742768,0.007948538,0.0072845146,0.3691421515037603,-0.929338985102954,0.00794498275557906,0.8960721386115257,0.3536343327099204,-0.2683234636273468,0.2465538366915869,0.10616877835136321,0.9632961102984053,0.02119451,-0.050800737,0.10873923,-1.0890032,0.21279995,-0.15539226,0.5209221,-0.040085644,0.0025756,0.0064858627,0.4719108924815978,-0.6432713950900573,-0.6029112885127575,0.8669137524865096,0.46305697558243697,0.18449602465691634,0.1605012626336034,-0.6097377711962235,0.7761824496016908,left_images/camera_left_31.png,right_images/camera_right_31.png
2025-06-02 14:20:27,1.6871087551116943,32,-0.16172682,-0.07281354,0.11262968,-1.1939346,0.56049347,0.43538725,0.4675756,0.037194975,0.008355614,0.0072370414,0.3650965554179115,-0.93093588515386,0.007929877349309264,0.8971476941561665,0.3495448168916518,-0.270082276083521,0.24865743522414419,0.1057203798563969,0.9628045913843419,0.02187699,-0.052278742,0.108495586,-1.1284148,0.21991201,-0.1601597,0.51211953,-0.039986406,0.0027430104,0.0068792677,0.4449871006642941,-0.6521572601684591,-0.6137404893372718,0.8842097165375975,0.42861172775759687,0.1856479571908855,0.14198470841216174,-0.6252862503191767,0.7673704761970563,left_images/camera_left_32.png,right_images/camera_right_32.png
2025-06-02 14:20:27,1.7436716556549072,33,-0.16303328,-0.07670186,0.112988114,-1.1959679,0.56165606,0.4327628,0.4930182,0.036879055,0.008808382,0.007061729,0.3657098524692131,-0.9306875315707059,0.008776239842492345,0.8966327550005049,0.34976796752375877,-0.2714996713708946,0.2496117113982261,0.10715916887100876,0.9623985172784315,0.022880498,-0.053602353,0.10834664,-1.1770531,0.23094249,-0.16656129,0.5254004,-0.039743364,0.0028976966,0.0072738635,0.4119553051599285,-0.659524942810143,-0.6287445239219724,0.903499672316754,0.38518960622223164,0.18792900090693854,0.11824199200837315,-0.645488820251474,0.7545614714894022,left_images/camera_left_33.png,right_images/camera_right_33.png
2025-06-02 14:20:27,1.797454833984375,34,-0.1646303,-0.0792909,0.113367535,-1.1953974,0.56109816,0.4320661,0.51033723,0.036493525,0.009119789,0.0068875523,0.3681963506770343,-0.9296885907838118,0.010515299069662615,0.8955668482331794,0.3515988553310056,-0.2726504452144096,0.24978284107160684,0.10980605218446131,0.9620556965217033,0.02322498,-0.054610956,0.10819719,-1.2236185,0.24197806,-0.172538,0.53309774,-0.03956394,0.0030359398,0.007631073,0.37998676596864644,-0.6646465772737444,-0.6433156185007367,0.9201151476808533,0.34291966555557973,0.18919359921384898,0.09485869858336826,-0.6638155092294438,0.7418563183053197,left_images/camera_left_34.png,right_images/camera_right_34.png
2025-06-02 14:20:27,1.8551230430603027,35,-0.16649522,-0.08220049,0.11360345,-1.1967459,0.55759996,0.4298789,0.51482606,0.036123265,0.009482775,0.0068486063,0.3706924558660567,-0.9286222339454914,0.015743245728775904,0.8945762893453769,0.35244296700155886,-0.27480396203874946,0.24964047289061114,0.11595128991616749,0.9613713812370996,0.024274731,-0.05615028,0.10819456,-1.2689943,0.25191653,-0.17872775,0.5311855,-0.039261106,0.0032620032,0.007896236,0.3482509797790149,-0.6679770083833892,-0.6576685877812123,0.934623487688886,0.3013942728619749,0.1887867276750793,0.07211235222359119,-0.6804176721376212,0.7292678520952379,left_images/camera_left_35.png,right_images/camera_right_35.png
2025-06-02 14:20:27,1.919321060180664,36,-0.16803975,-0.08432945,0.11373319,-1.1993328,0.55561393,0.4280589,0.53947425,0.035872325,0.009756327,0.0068655387,0.37119630180820773,-0.9283486655450462,0.019546373183832524,0.8942005375412628,0.35171100514348963,-0.27695625561065174,0.2502372957511058,0.12028351525328781,0.9606837001706053,0.02481537,-0.056547962,0.10821252,-1.3065023,0.2608587,-0.18235295,0.54523015,-0.039016686,0.0033778534,0.008088821,0.32132516373654846,-0.6689098986250185,-0.6703056665963282,0.9454594040193273,0.2665637073242472,0.18721726760363633,0.05344768003476674,-0.69390441521799,0.7180807809988237,left_images/camera_left_36.png,right_images/camera_right_36.png
2025-06-02 14:20:27,1.9752326011657715,37,-0.1684525,-0.08645108,0.11385025,-1.1967559,0.5513604,0.42743227,0.5459207,0.035700545,0.010000975,0.006823929,0.37595305816313906,-0.9263519088047206,0.02305296318554756,0.8925073362540695,0.3553034539634322,-0.2778310823761815,0.2491785560405404,0.1250263838375966,0.9603532946546524,0.025480496,-0.0573293,0.10842289,-1.3447751,0.26881424,-0.18751052,0.53926766,-0.038677696,0.0035552867,0.008116063,0.2943011248032581,-0.6693915881333226,-0.6821303025638761,0.9551305041521867,0.2309162481896404,0.18548155261375715,0.03335517917095715,-0.706110889349802,0.7073152366265729,left_images/camera_left_37.png,right_images/camera_right_37.png
2025-06-02 14:20:27,2.0297837257385254,38,-0.16811213,-0.088445865,0.11399293,-1.1945912,0.5471285,0.42737225,0.565655,0.035584547,0.010243149,0.0067157997,0.38015264487583544,-0.9245672583387043,0.025677838732241873,0.8907493118528076,0.35848869375500636,-0.2793770210371278,0.2490976315175586,0.12907843064540783,0.9598380742158865,0.026564024,-0.0575347,0.10866292,-1.3808633,0.2766223,-0.19019398,0.5608927,-0.038286187,0.0036974763,0.008139077,0.26747739005437426,-0.6680517559397062,-0.6943793611532352,0.9634393324572786,0.1970198215027304,0.1815704893679177,0.01550801354052117,-0.7175583887886108,0.6963256854339925,left_images/camera_left_38.png,right_images/camera_right_38.png
2025-06-02 14:20:27,2.0860300064086914,39,-0.16824824,-0.090689465,0.11414252,-1.1920898,0.542064,0.42650142,0.5744727,0.035405383,0.010510111,0.0066354945,0.385135370556556,-0.922382829014566,0.029675968145125464,0.8889214546769911,0.36213958875655516,-0.28048808472050224,0.24797055018934572,0.1344054872180423,0.9593986508456609,0.02814415,-0.05746601,0.10902695,-1.4187686,0.28614864,-0.19298322,0.557614,-0.037762664,0.0038321328,0.008113008,0.23947019252239032,-0.664081581704125,-0.7082723203222311,0.970897849215481,0.1612564022716947,0.17706987071532715,-0.0033753936129911066,-0.7300630284898264,0.6833714810776204,left_images/camera_left_39.png,right_images/camera_right_39.png
2025-06-02 14:20:27,2.138725996017456,40,-0.16858445,-0.09247568,0.11438264,-1.1910999,0.53707063,0.42568946,0.5913232,0.03514941,0.010749929,0.0064970795,0.38880374592660305,-0.9206909852786685,0.034055201952655545,0.8874805200665205,0.36434108215084393,-0.28219479506116085,0.24740649477307608,0.13994172174068253,0.9587524919708701,0.02935676,-0.057130545,0.10934481,-1.4504925,0.2936146,-0.19569865,0.55524266,-0.03733716,0.003924122,0.008066816,0.21632321536695037,-0.6602148951526778,-0.7192499973665919,0.9761183916670264,0.13121567934308093,0.17313385268026393,-0.019928671372713147,-0.7395260223366533,0.6728328992731003,left_images/camera_left_40.png,right_images/camera_right_40.png
2025-06-02 14:20:27,2.190476894378662,41,-0.16939731,-0.09423305,0.11456239,-1.1894463,0.53149337,0.42495134,0.60015047,0.034877848,0.010979865,0.0064377645,0.3932499067070776,-0.9185927580854397,0.03926647002035703,0.8858394058458735,0.36709788650106623,-0.2837740100451066,0.2462581124054692,0.1463778894486293,0.9580868726556377,0.03101532,-0.05671914,0.109582394,-1.4808743,0.30076072,-0.1980573,0.56298536,-0.036921434,0.004010322,0.008110754,0.19402160601280172,-0.6553178294405904,-0.7300096977557811,0.9803466641382326,0.10242559371802296,0.16861024839715466,-0.035721625288511805,-0.7483766031676726,0.6623114262323754,left_images/camera_left_41.png,right_images/camera_right_41.png
2025-06-02 14:20:27,2.239654302597046,42,-0.16895863,-0.095981605,0.114612676,-1.1883451,0.5293595,0.42417172,0.59991723,0.034861423,0.011180113,0.0063883234,0.3956792285098583,-0.9174961314194906,0.04048205721195994,0.8848053165470561,0.3690283994145051,-0.28449532902252117,0.2460843350071423,0.14838763174819372,0.9578223273698808,0.031877868,-0.05624411,0.10977458,-1.5050938,0.30624002,-0.1991085,0.5700005,-0.036634084,0.004077583,0.008111104,0.17566404427446775,-0.6513449994459182,-0.7381678909610838,0.9832743394307846,0.07944911497573687,0.16388841187383107,-0.048101111900788585,-0.754610846613252,0.654407176922395,left_images/camera_left_42.png,right_images/camera_right_42.png
2025-06-02 14:20:27,2.2948997020721436,43,-0.16957586,-0.098836094,0.11476758,-1.186329,0.52393126,0.42242762,0.6265855,0.03463122,0.011521419,0.006343768,0.4008228163110976,-0.9150235490594423,0.04552993071708626,0.882910696924003,0.37253455928294044,-0.28580885815005264,0.24456036306321532,0.1547575743106873,0.9572044306269485,0.033896487,-0.055457193,0.109984875,-1.5320597,0.31204832,-0.1994563,0.5717287,-0.03622356,0.004137555,0.008176006,0.1547615016467328,-0.6457487242522137,-0.7477014529440791,0.9860333382115465,0.053816914669511495,0.15761343734227873,-0.06153969079742144,-0.7616510518748681,0.6450585567485054,left_images/camera_left_43.png,right_images/camera_right_43.png
2025-06-02 14:20:27,2.349165201187134,44,-0.1705487,-0.10086083,0.11494619,-1.1838429,0.5181462,0.42068523,0.64731365,0.034340966,0.011770216,0.006298907,0.4060186933171464,-0.9124232010070633,0.051310066663972184,0.8812395175466178,0.3760378220194677,-0.28637819247467045,0.24200358136036187,0.1614913578953356,0.9567417665879749,0.035773553,-0.05488724,0.11032279,-1.5573549,0.31833288,-0.20031802,0.5627232,-0.03575998,0.004221236,0.008129545,0.13559259056713147,-0.6393145956904158,-0.756895961886767,0.9879708710060056,0.029916929451928365,0.1517186058985618,-0.07435191609453667,-0.7683630815372172,0.6356807119173136,left_images/camera_left_44.png,right_images/camera_right_44.png
2025-06-02 14:20:27,2.4043142795562744,45,-0.17130785,-0.10274358,0.11509044,-1.1823555,0.510774,0.4194982,0.6655099,0.034068875,0.012025015,0.006273281,0.41097420733281775,-0.9097921416200282,0.058124521104303536,0.8793688832237362,0.37880105918648366,-0.288478984983373,0.24043828340137757,0.16967031739712346,0.9557203645781325,0.03796987,-0.05435876,0.11068537,-1.58362,0.3236099,-0.2010412,0.57507205,-0.035267137,0.004324023,0.008070063,0.11542299833696257,-0.6328298362130798,-0.7656395560924425,0.9894308441316129,0.005136908933552786,0.1449145156553075,-0.08777320853147336,-0.7742738601845831,0.6267342764672723,left_images/camera_left_45.png,right_images/camera_right_45.png
2025-06-02 14:20:27,2.4577012062072754,46,-0.1719504,-0.10408906,0.115311,-1.1802783,0.5070737,0.41829595,0.6669031,0.033813886,0.012197069,0.006166434,0.41462670711723587,-0.9078903074440997,0.06180520523528929,0.8782024924762334,0.3814234618640268,-0.2885767228107502,0.23842205425180205,0.17392910161534086,0.9554598849023602,0.040571738,-0.053580802,0.11101522,-1.6145597,0.33034742,-0.201892,0.5716931,-0.03473513,0.004429874,0.008090351,0.09188371540245899,-0.6240385452053306,-0.7759724717680743,0.9903462234743253,-0.02395263217179433,0.13653068908558513,-0.10378699578454859,-0.7810263539151912,0.6158133597088982,left_images/camera_left_46.png,right_images/camera_right_46.png
2025-06-02 14:20:28,2.513770341873169,47,-0.17241849,-0.10625697,0.115477465,-1.1803166,0.5008305,0.41598132,0.6815856,0.033572383,0.0124863135,0.0061054425,0.4180749049827316,-0.905864297691936,0.06799447029557215,0.8769380809499681,0.38292532435615323,-0.2904269239353028,0.23705057688912556,0.18104714892488738,0.9544783674147373,0.042587087,-0.052593462,0.111306705,-1.6382933,0.334473,-0.20163529,0.5712445,-0.034317978,0.004482198,0.0080573205,0.07325928413967658,-0.6175692362180204,-0.7830972581770627,0.9905304880381552,-0.04636302171410406,0.12922779300302056,-0.11611386460813433,-0.7851488449298187,0.6083246351670589,left_images/camera_left_47.png,right_images/camera_right_47.png
2025-06-02 14:20:28,2.56101655960083,48,-0.17359792,-0.109030485,0.11556457,-1.1804317,0.4945013,0.41321364,0.69493675,0.033316933,0.012835147,0.006159086,0.42194191441808815,-0.9035138250002772,0.07501859029978852,0.8755357900014762,0.3845944734190281,-0.29244515971722246,0.23537650962593964,0.1890763312763108,0.9533352189379143,0.044832807,-0.051794782,0.11159716,-1.6657226,0.33805376,-0.20234007,0.56944984,-0.03388706,0.0045727035,0.008037385,0.05225946810234561,-0.6105280623142035,-0.7902685829011072,0.9900050221781318,-0.072129179055758,0.12119173895451585,-0.13099238167060334,-0.7887032817578526,0.6006564153396321,left_images/camera_left_48.png,right_images/camera_right_48.png
2025-06-02 14:20:28,2.6120288372039795,49,-0.17514081,-0.11071203,0.11563415,-1.1790407,0.4883488,0.41074684,0.6916579,0.033033647,0.013044826,0.006239999,0.4262393787620704,-0.9008734722273656,0.08213999652747772,0.8743066102709552,0.38695338854310857,-0.2930102836617137,0.2321808416494267,0.19670806321047396,0.9525744037286263,0.04665025,-0.050147656,0.11173387,-1.6911726,0.34622332,-0.20230655,0.5844153,-0.033531036,0.004565552,0.008177616,0.033353784901292316,-0.5999085165086911,-0.7993730648784083,0.9889461859195735,-0.09580780202508593,0.11316495228758117,-0.14447479499167637,-0.7943114231153066,0.5900816864813292,left_images/camera_left_49.png,right_images/camera_right_49.png
2025-06-02 14:20:28,2.6617934703826904,50,-0.17639974,-0.11282269,0.11588844,-1.1785495,0.48263785,0.40790156,0.7135827,0.032668635,0.013327414,0.006166217,0.42985825910414843,-0.8985176561235332,0.0888138430326217,0.8732181149796608,0.3887000082191464,-0.2939428979951776,0.2295909422240317,0.20390763900528072,0.9516878028029851,0.050184328,-0.048135463,0.11182702,-1.7219458,0.35205874,-0.2011559,0.5719317,-0.033067428,0.0045621805,0.008435281,0.009439886230054317,-0.58854043343746,-0.8084126710766045,0.9869292686034208,-0.1245832168316634,0.10222348486425004,-0.16087730517969423,-0.7988111042625293,0.5796717281229076,left_images/camera_left_50.png,right_images/camera_right_50.png
2025-06-02 14:20:28,2.720349073410034,51,-0.17725018,-0.11498682,0.11620277,-1.1790973,0.47979325,0.40495175,0.7230903,0.032349702,0.013613204,0.006011786,0.43163522376031965,-0.8972524626419064,0.09289269019903078,0.8727677865857325,0.3893792269381335,-0.29438105972922723,0.22796364689928117,0.20813898220202728,0.9511628355756359,0.05283538,-0.046925575,0.11205088,-1.7420245,0.35556015,-0.19925088,0.57206845,-0.0326525,0.0045926087,0.008483283,-0.007044938328393702,-0.5807059868627534,-0.8140828739543075,0.98524930375079,-0.14322973327288446,0.09364322167227052,-0.17098005235270208,-0.8014148740373703,0.573149213878143,left_images/camera_left_51.png,right_images/camera_right_51.png
2025-06-02 14:20:28,2.772632598876953,52,-0.17908405,-0.11698579,0.116375975,-1.1805642,0.47215953,0.40144318,0.73076683,0.03194964,0.013901137,0.0060485406,0.4345094771977419,-0.8948463648724982,0.10223256574996448,0.8720012427508204,0.38955217970108225,-0.29641682126890273,0.22542259617520577,0.2179428424257414,0.9495712561830305,0.05618535,-0.044738196,0.11237404,-1.7677892,0.35983282,-0.19716337,0.57614076,-0.032110296,0.004560037,0.008505469,-0.02748940906303171,-0.5704987645709462,-0.820838286151657,0.9823843944926899,-0.16725523835471595,0.0833461858763691,-0.18483839927514095,-0.8040875853201139,0.5650468310569242,left_images/camera_left_52.png,right_images/camera_right_52.png
2025-06-02 14:20:28,2.822754383087158,53,-0.18027757,-0.11886346,0.1164803,-1.1819787,0.46723083,0.3985986,0.73769975,0.031698987,0.014153935,0.006085706,0.4362812559598914,-0.8932495136134089,0.10846184641369652,0.8715108545078498,0.38948642772146547,-0.2979415263030135,0.2238917063516586,0.22451197974758555,0.9484022747635955,0.058983725,-0.043430455,0.11251057,-1.7880191,0.36316624,-0.19596933,0.56924206,-0.03173788,0.004573903,0.008633776,-0.04326751285064134,-0.5620039541071702,-0.8260021052634341,0.979701811706879,-0.18584857181230985,0.07513100886840046,-0.1957352356372723,-0.8059850271085875,0.5586374974943866,left_images/camera_left_53.png,right_images/camera_right_53.png
2025-06-02 14:20:28,2.872824192047119,54,-0.18228225,-0.120321356,0.11668843,-1.1848012,0.46093804,0.39513594,0.7502878,0.031277884,0.014387341,0.006102723,0.43739685351333346,-0.8916131613407924,0.1170895514574786,0.8714673104156662,0.3881407174620647,-0.2998191293512112,0.22187545924126031,0.23317966028775255,0.9467832521831847,0.06172568,-0.04190273,0.11267121,-1.8099964,0.3667868,-0.19626667,0.56385803,-0.031356197,0.0045649824,0.008744419,-0.05897350785885286,-0.5527055548081314,-0.8312873721253424,0.9762195687298829,-0.20594968719101192,0.06767628812786647,-0.20860843463211992,-0.8075278917970328,0.5517075538454921,left_images/camera_left_54.png,right_images/camera_right_54.png
2025-06-02 14:20:28,2.9295763969421387,55,-0.18457018,-0.122054905,0.11680076,-1.1871638,0.45607856,0.39181194,0.7426467,0.030917931,0.014628816,0.006210548,0.43852500477707385,-0.8900347559876118,0.1246352811981406,0.8714037627709099,0.38715701043882916,-0.30127218838911746,0.21988929581488703,0.2407230408626074,0.9453576652166589,0.063872285,-0.040213797,0.11279542,-1.8270403,0.3702631,-0.19527026,0.5612693,-0.031053944,0.0045159534,0.008836876,-0.07173858821777906,-0.5447762548087478,-0.8355072753465849,0.973250135812445,-0.22153459771073264,0.06088181303312801,-0.21826073421845,-0.8087899938882144,0.5460961432611706,left_images/camera_left_55.png,right_images/camera_right_55.png
2025-06-02 14:20:28,2.98781681060791,56,-0.18702808,-0.12326106,0.11693942,-1.1884334,0.45228916,0.3890973,0.74999946,0.030539293,0.014800699,0.006302041,0.43981560307554446,-0.888457431699075,0.13117022280219942,0.8713595487979968,0.3867825094881929,-0.3018804847494576,0.21747361221501482,0.24706817361347755,0.9442788494811551,0.06719003,-0.03831595,0.11312227,-1.8493459,0.37453994,-0.19379179,0.5457644,-0.030527897,0.0044966494,0.008852668,-0.08856077370074678,-0.5338828344931371,-0.8409079072021493,0.9689891387076331,-0.24169800839398126,0.051401573954715785,-0.23068818441386257,-0.8102784655733832,0.5387316305915955,left_images/camera_left_56.png,right_images/camera_right_56.png
