Epoch Time (Seconds),Time (Seconds),Frame Number,PSM1_joint_1,PSM1_joint_2,PSM1_joint_3,PSM1_joint_4,PSM1_joint_5,PSM1_joint_6,PSM1_jaw_angle,PSM1_ee_x,PSM1_ee_y,PSM1_ee_z,"PSM1_Orientation_Matrix_[1,1]","PSM1_Orientation_Matrix_[1,2]","PSM1_Orientation_Matrix_[1,3]","PSM1_Orientation_Matrix_[2,1]","PSM1_Orientation_Matrix_[2,2]","PSM1_Orientation_Matrix_[2,3]","PSM1_Orientation_Matrix_[3,1]","PSM1_Orientation_Matrix_[3,2]","PSM1_Orientation_Matrix_[3,3]",PSM2_joint_1,PSM2_joint_2,PSM2_joint_3,PSM2_joint_4,PSM2_joint_5,PSM2_joint_6,PSM2_jaw_angle,PSM2_ee_x,PSM2_ee_y,PSM2_ee_z,"PSM2_Orientation_Matrix_[1,1]","PSM2_Orientation_Matrix_[1,2]","PSM2_Orientation_Matrix_[1,3]","PSM2_Orientation_Matrix_[2,1]","PSM2_Orientation_Matrix_[2,2]","PSM2_Orientation_Matrix_[2,3]","PSM2_Orientation_Matrix_[3,1]","PSM2_Orientation_Matrix_[3,2]","PSM2_Orientation_Matrix_[3,3]",PSM3_joint_1,PSM3_joint_2,PSM3_joint_3,PSM3_joint_4,PSM3_joint_5,PSM3_joint_6,PSM3_jaw_angle,PSM3_ee_x,PSM3_ee_y,PSM3_ee_z,"PSM3_Orientation_Matrix_[1,1]","PSM3_Orientation_Matrix_[1,2]","PSM3_Orientation_Matrix_[1,3]","PSM3_Orientation_Matrix_[2,1]","PSM3_Orientation_Matrix_[2,2]","PSM3_Orientation_Matrix_[2,3]","PSM3_Orientation_Matrix_[3,1]","PSM3_Orientation_Matrix_[3,2]","PSM3_Orientation_Matrix_[3,3]",Camera Left,Camera Right
2025-05-30 16:03:32,0.0027403831481933594,1,-0.019356087,-0.013196165,0.11286683,0.022730041,0.07566167,0.08029149,1.04718,0.060868558,0.00012000755,0.001673907,0.8944398500064815,-0.012863971487200908,0.44700321358795514,-0.017647555405825632,0.9977921202540952,0.06402693610532327,-0.4468399249267917,-0.06515675710479547,0.8922380167281629,0.022478385,-0.010081605,0.11228275,-0.04765567,0.070918486,-0.092406355,1.047179,-0.060933452,-0.00018113095,0.0023196489,0.8977198894018197,-0.009010655724524759,-0.44047452622802,0.04182916151171858,0.9970176112398627,0.06485525518248038,0.43857647157549523,-0.07664653260893266,0.8954194478675436,0.002765476,-0.006435113,0.09171622,-0.0010059009,-0.01194715,-0.006483869,4.1908512e-12,0.00020094197,-0.008739393,0.0019234596,0.9999924818173928,-0.0010562717606858243,0.003731031849117642,0.0020468085017037005,0.9610055884422483,-0.2765213726960822,-0.0032934607404531174,0.2765269304656163,0.9610005254127676,left_images/camera_left_1.png,right_images/camera_right_1.png
2025-05-30 16:03:32,0.0742025375366211,2,-0.019409487,-0.013148132,0.11286136,0.02247117,0.07529449,0.08049431,1.04718,0.06086805,0.000121183635,0.0016803294,0.8945130745846847,-0.012923280643715592,0.4468549520979462,-0.01740209931458386,0.9978178101408359,0.06369289367889944,-0.4467029508929837,-0.06475034040952984,0.8923361850112043,0.02247821,-0.010081918,0.11228275,-0.047652606,0.07092075,-0.09240524,1.047179,-0.06093347,-0.0001811499,0.0023194086,0.8977197557063582,-0.009006825424516945,-0.4404748770478162,0.04182575889297585,0.9970176453499099,0.06485692525820154,0.43857706974663324,-0.07664653910447337,0.8954191543270466,0.0027654853,-0.006435125,0.09171622,-0.001005873,-0.011947122,-0.006483855,2.0056277e-12,0.0002009374,-0.008739401,0.0019234624,0.9999924811308633,-0.0010563928755730465,0.0037311815598325792,0.00204696508399344,0.9610056897175818,-0.2765210195706279,-0.0032935718733478245,0.2765265780436432,0.9610006264408926,left_images/camera_left_2.png,right_images/camera_right_2.png
2025-05-30 16:03:32,0.12712955474853516,3,-0.019347684,-0.013277317,0.11286084,0.023121588,0.07635577,0.079922825,1.0471802,0.060869202,0.000116179115,0.0016812338,0.8942692488662951,-0.01284706889916867,0.447344904243708,-0.018012132692826612,0.9977447126520127,0.06466105049261349,-0.4471667179117519,-0.06588202482963253,0.8920210116339072,0.02247821,-0.010082206,0.11228275,-0.047650356,0.07092239,-0.09240447,1.047179,-0.060933467,-0.00018118409,0.0023195967,0.8977195216467535,-0.009003974891762773,-0.44047541235632265,0.04182324850730196,0.9970176703669327,0.06485815955136744,0.4385777882412884,-0.07664654859967719,0.8954188015946152,0.0027654858,-0.006435125,0.09171622,-0.0010058869,-0.011947135,-0.006483855,4.592988e-13,0.0002009374,-0.008739401,0.0019234624,0.9999924811308633,-0.0010563928755730465,0.0037311815598325792,0.00204696508399344,0.9610056897175818,-0.2765210195706279,-0.0032935718733478245,0.2765265780436432,0.9610006264408926,left_images/camera_left_3.png,right_images/camera_right_3.png
2025-05-30 16:03:32,0.18242359161376953,4,-0.019327793,-0.013233718,0.11286661,0.022766858,0.07593869,0.08013493,1.04718,0.060870357,0.00011925836,0.0016735876,0.8943812599451404,-0.01295443827582125,0.4471178193585009,-0.01767527695100312,0.997776318829743,0.0642650929142111,-0.4469560900621542,-0.06538042605799373,0.8921634678940998,0.022478051,-0.010082506,0.11228275,-0.04764865,0.07092373,-0.0924038,1.047179,-0.060933523,-0.00018121605,0.002319388,0.8977192492374931,-0.009002585773746071,-0.44047599593832354,0.041822044213098306,0.9970176832984451,0.0648587373299776,0.43857846067301265,-0.07664654355930034,0.8954184726674467,0.0027654858,-0.006435125,0.09171622,-0.0010059009,-0.0119471485,-0.006483855,5.2689593e-14,0.0002009374,-0.008739401,0.0019234624,0.9999924811308633,-0.0010563928755730465,0.0037311815598325792,0.00204696508399344,0.9610056897175818,-0.2765210195706279,-0.0032935718733478245,0.2765265780436432,0.9610006264408926,left_images/camera_left_4.png,right_images/camera_right_4.png
2025-05-30 16:03:32,0.2516341209411621,5,-0.019447088,-0.013001037,0.11286191,0.021668425,0.074227035,0.08104855,1.0471799,0.06086944,0.00012424868,0.0016779741,0.8947625387268966,-0.013134199968844714,0.44634906976734856,-0.016641266887590687,0.9978922049393473,0.06272332546719525,-0.44623207810216303,-0.06355029592744732,0.8926579929402744,0.022478553,-0.010079678,0.11228275,-0.047679838,0.070901655,-0.09241338,1.047179,-0.060933523,-0.00018114486,0.0023194086,0.8977221668083208,-0.009038931322420143,-0.4404693053341201,0.04185406087025466,0.997017364063815,0.06484298993654923,0.4385694344224672,-0.07664641854510214,0.895422904394659,0.0027654797,-0.006435125,0.09171622,-0.0010059149,-0.011947099,-0.006483855,1.0308949e-12,0.0002009374,-0.008739401,0.0019234624,0.9999924811308633,-0.0010563928755730465,0.0037311815598325792,0.00204696508399344,0.9610056897175818,-0.2765210195706279,-0.0032935718733478245,0.2765265780436432,0.9610006264408926,left_images/camera_left_5.png,right_images/camera_right_5.png
2025-05-30 16:03:32,0.3243429660797119,6,-0.019419301,-0.013068229,0.11285983,0.022140563,0.074890524,0.08068934,1.0471802,0.06086985,0.00011954212,0.0016806023,0.8946036417376455,-0.013037915570838055,0.4466702776627411,-0.017086584655149884,0.9978452361193586,0.06334771802301876,-0.4465337308810667,-0.0643031687513858,0.8924532086748111,0.022478947,-0.010077324,0.11228275,-0.04770288,0.07088532,-0.092420414,1.047179,-0.060933463,-0.00018105164,0.0023193788,0.8977240970424202,-0.009065713866089321,-0.4404648208670805,0.04187786019011384,0.9970170975173556,0.0648317212787462,0.43856321142483945,-0.07664672263160344,0.8954259263024303,0.0027654793,-0.006435125,0.09171622,-0.0010059288,-0.011947111,-0.006483855,5.6309574e-13,0.00020092014,-0.008739399,0.0019234587,0.9999924804618358,-0.0010566836353916899,0.0037312785315045845,0.0020472712664012307,0.9610056938610504,-0.2765210029039438,-0.003293584695546709,0.2765265625330338,0.9610006308601038,left_images/camera_left_6.png,right_images/camera_right_6.png
2025-05-30 16:03:32,0.37561893463134766,7,-0.019368824,-0.0131663075,0.11286677,0.022499615,0.075471625,0.08039808,1.0471802,0.06086847,0.00012009713,0.0016739629,0.8944872912540756,-0.01297851787185138,0.44690496065583846,-0.017423976175454953,0.9978072868103738,0.06385157353078807,-0.4467537250423142,-0.06490128243702503,0.892299799786398,0.022479227,-0.010075433,0.11228275,-0.04771995,0.07087301,-0.09242572,1.047179,-0.060933508,-0.00018126282,0.002319416,0.8977256629334206,-0.009085657714292893,-0.44046121842297165,0.04189528310477483,0.9970169475969178,0.064822769595993,0.43855834203024896,-0.07664631125124767,0.8954283464394321,0.0027654606,-0.006435125,0.09171622,-0.0010059705,-0.011947139,-0.006483883,3.4112713e-12,0.00020092014,-0.008739399,0.0019234587,0.9999924804618358,-0.0010566836353916899,0.0037312785315045845,0.0020472712664012307,0.9610056938610504,-0.2765210029039438,-0.003293584695546709,0.2765265625330338,0.9610006308601038,left_images/camera_left_7.png,right_images/camera_right_7.png
2025-05-30 16:03:33,0.4270486831665039,8,-0.019404069,-0.013138007,0.11286531,0.022358334,0.07515509,0.08057556,1.0471802,0.060867406,0.0001227071,0.0016759662,0.8945541595633539,-0.012952279378834898,0.4467718590811135,-0.017295069484857373,0.9978283291716077,0.0635571087614266,-0.44662482709698936,-0.06458222635904141,0.8923874718187689,0.022479517,-0.010074295,0.11228275,-0.047732692,0.07086412,-0.09242973,1.047179,-0.06093347,-0.00018107536,0.002319498,0.8977265693967609,-0.009100401649452368,-0.4404590665305248,0.04190830581784014,0.997016818077877,0.06481634341231973,0.4385552422473149,-0.07664624687278576,0.8954298701393174,0.0027654576,-0.006435125,0.09171622,-0.0010059635,-0.011947139,-0.0064839167,1.1292463e-12,0.00020092014,-0.008739399,0.0019234587,0.9999924804618358,-0.0010566836353916899,0.0037312785315045845,0.0020472712664012307,0.9610056938610504,-0.2765210029039438,-0.003293584695546709,0.2765265625330338,0.9610006308601038,left_images/camera_left_8.png,right_images/camera_right_8.png
2025-05-30 16:03:33,0.4775407314300537,9,-0.019424912,-0.013089861,0.11286053,0.022272354,0.0748882,0.08070138,1.0471802,0.06086887,0.00012212474,0.0016803341,0.8946036447560444,-0.012913269403527912,0.4466738925239675,-0.01721917570660606,0.9978438107685039,0.06333426638854468,-0.446528631531267,-0.06435042178806617,0.8924523541559582,0.022479637,-0.010073342,0.11228275,-0.047742102,0.07085744,-0.092432626,1.047179,-0.06093362,-0.00018119256,0.0023194803,0.8977275817619839,-0.009111333779694118,-0.4404567771535996,0.04191800920117,0.9970167048554103,0.06481181021905232,0.4385522425531437,-0.07664642089500874,0.8954313243993611,0.0027654576,-0.006435125,0.09171622,-0.0010059566,-0.011947139,-0.00648395,1.1080693e-12,0.00020092014,-0.008739399,0.0019234587,0.9999924804618358,-0.0010566836353916899,0.0037312785315045845,0.0020472712664012307,0.9610056938610504,-0.2765210029039438,-0.003293584695546709,0.2765265625330338,0.9610006308601038,left_images/camera_left_9.png,right_images/camera_right_9.png
2025-05-30 16:03:33,0.5320746898651123,10,-0.019313728,-0.013347815,0.11286503,0.023432491,0.07672894,0.07973716,1.0471802,0.060868494,0.00011751929,0.0016770354,0.8941934554379211,-0.012735633916716086,0.4474995730508913,-0.018310279569575292,0.9977184205858419,0.06498220437763708,-0.4473061568032286,-0.06630050416423991,0.8919200890402083,0.022479873,-0.01007269,0.11228275,-0.047749083,0.070852496,-0.09243497,1.047179,-0.060933586,-0.00018111846,0.002319442,0.8977282169657453,-0.009119568185933707,-0.4404553120801311,0.04192527753988759,0.9970166298545761,0.06480826256447896,0.4385502474822093,-0.07664641719953487,0.8954323018317843,0.0027654576,-0.006435125,0.09171622,-0.0010059496,-0.011947139,-0.0064839837,1.1116025e-12,0.00020092014,-0.008739399,0.0019234587,0.9999924804618358,-0.0010566836353916899,0.0037312785315045845,0.0020472712664012307,0.9610056938610504,-0.2765210029039438,-0.003293584695546709,0.2765265625330338,0.9610006308601038,left_images/camera_left_10.png,right_images/camera_right_10.png
2025-05-30 16:03:33,0.6031644344329834,11,-0.01936378,-0.013198419,0.11286657,0.022642711,0.075483,0.08039186,1.0471799,0.060868897,0.00012345542,0.001673867,0.8944835327219859,-0.012845153304003109,0.44691633638276473,-0.017568805020872824,0.997805368864835,0.06384185895358242,-0.4467555783415965,-0.06495727750689077,0.8922947973173205,0.022480194,-0.010072074,0.11228275,-0.04775428,0.070848696,-0.09243681,1.047179,-0.060933515,-0.00018101625,0.0023194673,0.8977286654332041,-0.009126058375832993,-0.44045426359389445,0.04193103869329458,0.9970165663727498,0.06480551189825005,0.43854877864796343,-0.07664647047851379,0.8954330166514782,0.0027654576,-0.006435125,0.09171622,-0.0010059426,-0.011947139,-0.0064840172,1.1119961e-12,0.00020092014,-0.008739399,0.0019234587,0.9999924804618358,-0.0010566836353916899,0.0037312785315045845,0.0020472712664012307,0.9610056938610504,-0.2765210029039438,-0.003293584695546709,0.2765265625330338,0.9610006308601038,left_images/camera_left_11.png,right_images/camera_right_11.png
2025-05-30 16:03:33,0.6717867851257324,12,-0.019433726,-0.013038246,0.11286065,0.022069313,0.0744725,0.0809114,1.0471799,0.06086973,0.00012385333,0.0016793087,0.894698538610235,-0.01289924264207912,0.44648419294301,-0.017032460502853498,0.9978706929710286,0.06296010958327611,-0.44634562874293837,-0.06393504241634762,0.8925737448823436,0.022480374,-0.010071496,0.11228275,-0.047758095,0.07084576,-0.09243813,1.047179,-0.060933504,-0.00018115237,0.0023195539,0.8977291736213571,-0.009130241808691503,-0.44045314110996037,0.04193472928553711,0.9970165238029004,0.06480377877662404,0.4385473854771734,-0.07664652600409057,0.8954336942189746,0.0027654576,-0.006435125,0.09171622,-0.0010059356,-0.011947139,-0.006484051,1.1098909e-12,0.00020092014,-0.008739399,0.0019234587,0.9999924804618358,-0.0010566836353916899,0.0037312785315045845,0.0020472712664012307,0.9610056938610504,-0.2765210029039438,-0.003293584695546709,0.2765265625330338,0.9610006308601038,left_images/camera_left_12.png,right_images/camera_right_12.png
2025-05-30 16:03:33,0.7373397350311279,13,-0.019380782,-0.013099301,0.11286411,0.022470593,0.07510644,0.080565296,1.0471802,0.06086997,0.00011893071,0.0016758228,0.8945580554721171,-0.012849421747265138,0.44676702849550765,-0.017408688929496218,0.9978264453071248,0.06355566532972176,-0.44661260947234893,-0.0646318606146262,0.8923899930264743,0.02248045,-0.010071198,0.11228275,-0.047760926,0.07084376,-0.092439026,1.047179,-0.06093342,-0.00018127152,0.0023195213,0.8977293241835974,-0.00913337941406514,-0.4404527691834168,0.04193753011284251,0.9970164920507688,0.06480245479002898,0.43854680943873703,-0.07664656521500525,0.895433972982847,0.0027654576,-0.006435125,0.09171622,-0.0010059286,-0.011947139,-0.0064840843,1.1070042e-12,0.00020092014,-0.008739399,0.0019234587,0.9999924804618358,-0.0010566836353916899,0.0037312785315045845,0.0020472712664012307,0.9610056938610504,-0.2765210029039438,-0.003293584695546709,0.2765265625330338,0.9610006308601038,left_images/camera_left_13.png,right_images/camera_right_13.png
2025-05-30 16:03:33,0.8065595626831055,14,-0.019386142,-0.013095287,0.112865366,0.022339176,0.074923664,0.08066953,1.04718,0.060869694,0.0001219791,0.0016741306,0.894605205510191,-0.012869881260045768,0.44667201885770874,-0.01728504905682263,0.9978404348742158,0.06336950062245349,-0.4465229594916394,-0.06441143288569366,0.8924507907780908,0.02248036,-0.010071323,0.11228275,-0.047762994,0.070842646,-0.09243947,1.047179,-0.06093347,-0.00018108555,0.0023195157,0.8977294371350711,-0.009136001487471686,-0.4404524845859871,0.041939736200676134,0.9970164893537125,0.06480106854224132,0.4385463672504493,-0.07664628780064614,0.8954342132942065,0.002765433,-0.006435131,0.09171622,-0.0010059705,-0.011947083,-0.0064841122,4.2572504e-12,0.00020092014,-0.008739399,0.0019234587,0.9999924804618358,-0.0010566836353916899,0.0037312785315045845,0.0020472712664012307,0.9610056938610504,-0.2765210029039438,-0.003293584695546709,0.2765265625330338,0.9610006308601038,left_images/camera_left_14.png,right_images/camera_right_14.png
2025-05-30 16:03:33,0.8742427825927734,15,-0.019417593,-0.013050224,0.11286157,0.022257846,0.07470755,0.08077912,1.04718,0.06086962,0.00012088963,0.0016786056,0.8946423956306911,-0.012852531042290552,0.4465980255061422,-0.017210826297783484,0.9978528259887935,0.06319434408494243,-0.44645130910136815,-0.06422266042438238,0.8925002400502137,0.022480305,-0.010071215,0.11228275,-0.047764584,0.07084153,-0.09243992,1.047179,-0.060933437,-0.00018124888,0.0023194598,0.8977294875226667,-0.009137538565853205,-0.44045235000082356,0.041941232156383214,0.9970164527443056,0.06480066359510732,0.4385461210380212,-0.0766465807855735,0.8954343088001407,0.0027654292,-0.006435131,0.09171622,-0.0010059635,-0.011947139,-0.00648414,2.1127264e-12,0.00020092014,-0.008739399,0.0019234587,0.9999924804618358,-0.0010566836353916899,0.0037312785315045845,0.0020472712664012307,0.9610056938610504,-0.2765210029039438,-0.003293584695546709,0.2765265625330338,0.9610006308601038,left_images/camera_left_15.png,right_images/camera_right_15.png
2025-05-30 16:03:33,0.9328224658966064,16,-0.019365087,-0.013141388,0.11286692,0.02253083,0.075365216,0.08044064,1.0471802,0.060869075,0.000119145785,0.0016731285,0.8945075168866642,-0.01290937408845548,0.4468664792685824,-0.01745906373985895,0.9978116453063915,0.0637738315006979,-0.44671185715915535,-0.06484804200279434,0.8923246315785652,0.02248028,-0.010071165,0.11228275,-0.047765773,0.070840634,-0.09244037,1.047179,-0.06093344,-0.00018121407,0.0023194803,0.8977298282372168,-0.009139140206742176,-0.4404516223258332,0.04194265513342671,0.9970164309205706,0.06480007835462392,0.43854528748298655,-0.07664667370922545,0.8954347090859143,0.0027654292,-0.006435131,0.09171622,-0.0010059566,-0.011947139,-0.0064841737,1.1052926e-12,0.00020092014,-0.008739399,0.0019234587,0.9999924804618358,-0.0010566836353916899,0.0037312785315045845,0.0020472712664012307,0.9610056938610504,-0.2765210029039438,-0.003293584695546709,0.2765265625330338,0.9610006308601038,left_images/camera_left_16.png,right_images/camera_right_16.png
2025-05-30 16:03:33,0.9854834079742432,17,-0.019401815,-0.013128265,0.11286354,0.022317955,0.075107746,0.08059046,1.04718,0.060868595,0.00012243312,0.0016771387,0.8945628659543603,-0.012967066838361163,0.44675399722121184,-0.017256844723010634,0.9978315723365313,0.06351656916593847,-0.44660886709259034,-0.06452912850810104,0.8923993004301706,0.022480179,-0.010071213,0.11228275,-0.047766585,0.07084019,-0.09244037,1.047179,-0.060933426,-0.00018120557,0.002319456,0.8977297512806065,-0.009140221362986974,-0.4404517567442503,0.04194353412850786,0.997016438334285,0.06479939533689998,0.43854536094966434,-0.0766464483498926,0.8954346923951942,0.0027654292,-0.006435131,0.09171622,-0.0010059496,-0.011947139,-0.006484207,1.1114038e-12,0.00020092014,-0.008739399,0.0019234587,0.9999924804618358,-0.0010566836353916899,0.0037312785315045845,0.0020472712664012307,0.9610056938610504,-0.2765210029039438,-0.003293584695546709,0.2765265625330338,0.9610006308601038,left_images/camera_left_17.png,right_images/camera_right_17.png
2025-05-30 16:03:33,1.051246166229248,18,-0.019464051,-0.012993338,0.11285792,0.021762952,0.07424106,0.08104005,1.0471799,0.060869623,0.00012300955,0.0016823169,0.8947494809990844,-0.013065929272691797,0.44637724823753044,-0.016734205608999665,0.9978888195691495,0.06275245127901147,-0.4462547844163741,-0.06361749186450216,0.8926418554573637,0.02248017,-0.010071178,0.11228275,-0.047767144,0.07083974,-0.09244051,1.047179,-0.060933433,-0.00018119533,0.0023194551,0.8977296555749774,-0.009140473528416692,-0.4404519465786351,0.041943729350269854,0.9970164437740152,0.06479918527579899,0.4385455381934969,-0.07664634751827597,0.8954346142196447,0.0027654292,-0.006435131,0.09171622,-0.0010059586,-0.0119471215,-0.006484221,1.6975164e-12,0.00020091844,-0.0087394025,0.0019234605,0.9999924792658121,-0.0010566904909108474,0.003731597113922907,0.0020473656589360223,0.9610057182852525,-0.2765209173225497,-0.003293889140943976,0.2765264776260171,0.9610006542485156,left_images/camera_left_18.png,right_images/camera_right_18.png
2025-05-30 16:03:33,1.1109702587127686,19,-0.019333893,-0.013276284,0.112863354,0.022994343,0.0762997,0.07995567,1.0471802,0.060869608,0.000117333606,0.0016779462,0.8942927498136413,-0.012925625919536554,0.44729565817850764,-0.017887958363414034,0.997751142975549,0.06459626642906181,-0.4471247013712672,-0.0657691788421733,0.8920504002230375,0.022480236,-0.010071061,0.11228275,-0.047767702,0.070839114,-0.092440784,1.047179,-0.060933407,-0.00018120397,0.0023194533,0.8977298195458484,-0.009141619834731319,-0.44045158858264516,0.04194455416387624,0.9970164640455493,0.06479833947026378,0.4385451236465549,-0.07664594711338063,0.8954348515201543,0.0027654292,-0.006435131,0.09171622,-0.0010059738,-0.011947066,-0.006484237,2.3634127e-13,0.00020091844,-0.0087394025,0.0019234605,0.9999924792658121,-0.0010566904909108474,0.003731597113922907,0.0020473656589360223,0.9610057182852525,-0.2765209173225497,-0.003293889140943976,0.2765264776260171,0.9610006542485156,left_images/camera_left_19.png,right_images/camera_right_19.png
2025-05-30 16:03:33,1.1627380847930908,20,-0.019331753,-0.013240909,0.11286689,0.022670776,0.075865425,0.08018154,1.04718,0.060870215,0.00012127578,0.0016731005,0.8944021941974545,-0.012995535082220363,0.4470747488761869,-0.017582628126156852,0.997783517047566,0.0641786903603263,-0.4469178517389477,-0.0652623105330798,0.8921912713207453,0.022480145,-0.010071194,0.11228275,-0.04776815,0.070839114,-0.092440784,1.047179,-0.060933582,-0.00018102943,0.002319445,0.8977300003390326,-0.009142025103935646,-0.44045121167761536,0.041944901396632,0.9970164583322576,0.06479820260955162,0.4385447203400211,-0.07664597309448613,0.8954350468181889,0.0027654292,-0.006435131,0.09171622,-0.0010059889,-0.01194701,-0.006484253,2.2120307e-13,0.00020091844,-0.0087394025,0.0019234605,0.9999924792658121,-0.0010566904909108474,0.003731597113922907,0.0020473656589360223,0.9610057182852525,-0.2765209173225497,-0.003293889140943976,0.2765264776260171,0.9610006542485156,left_images/camera_left_20.png,right_images/camera_right_20.png
2025-05-30 16:03:33,1.2158286571502686,21,-0.01938358,-0.013202309,0.1128619,0.022417339,0.0754814,0.08040137,1.04718,0.06086978,0.00012402999,0.0016789297,0.8944834423383745,-0.013035991937593562,0.44691099146999563,-0.01734400022426369,0.997810769565161,0.06381891409293575,-0.446764543175387,-0.0648361863004277,0.8922991157158588,0.022480164,-0.010071075,0.11228275,-0.04776838,0.07083889,-0.09244101,1.047179,-0.06093342,-0.00018119326,0.0023194514,0.8977297646088186,-0.00914225517524785,-0.44045168736844037,0.04194525878747035,0.9970164357785148,0.06479831828650512,0.4385451687120128,-0.07664623903243875,0.895434804461796,0.0027654292,-0.006435131,0.09171622,-0.001006004,-0.011946954,-0.0064842687,2.1931667e-13,0.00020091844,-0.0087394025,0.0019234605,0.9999924792658121,-0.0010566904909108474,0.003731597113922907,0.0020473656589360223,0.9610057182852525,-0.2765209173225497,-0.003293889140943976,0.2765264776260171,0.9610006542485156,left_images/camera_left_21.png,right_images/camera_right_21.png
2025-05-30 16:03:33,1.278167724609375,22,-0.01936089,-0.013237618,0.11286064,0.02269561,0.07583538,0.080202274,1.0471802,0.060870744,0.0001213919,0.0016799849,0.8943983101654952,-0.012962102244172486,0.4470834896062684,-0.01760848145073017,0.9977846218840561,0.06415442083512696,-0.4469246067896754,-0.06525206691824328,0.8921886367852884,0.022480201,-0.010071038,0.11228275,-0.047768604,0.07083867,-0.09244123,1.047179,-0.060933422,-0.00018118575,0.002319445,0.897729998267423,-0.009142580115462214,-0.4404512043797871,0.04194539868757723,0.9970164531241743,0.06479796083698278,0.43854467701673544,-0.07664597464005082,0.8954350679037335,0.0027654292,-0.006435131,0.09171622,-0.0010060192,-0.011946898,-0.0064842845,2.2037945e-13,0.00020091844,-0.0087394025,0.0019234605,0.9999924792658121,-0.0010566904909108474,0.003731597113922907,0.0020473656589360223,0.9610057182852525,-0.2765209173225497,-0.003293889140943976,0.2765264776260171,0.9610006542485156,left_images/camera_left_22.png,right_images/camera_right_22.png
2025-05-30 16:03:33,1.3484477996826172,23,-0.019319547,-0.013276356,0.11286691,0.022925101,0.07614778,0.08003521,1.0471802,0.060869973,0.000120127515,0.0016734581,0.8943364279846001,-0.012905159979279553,0.44720891138891167,-0.01782610712953171,0.9977622569575683,0.06444151220716306,-0.4470398007832778,-0.0656043858049802,0.8921050841009699,0.022480117,-0.010071129,0.11228275,-0.047768828,0.07083867,-0.09244123,1.047179,-0.060933582,-0.0001810033,0.002319443,0.8977301804136069,-0.009142963485517581,-0.44045082517036505,0.041945752727599775,0.9970164429642595,0.06479788798263812,0.43854427028826637,-0.07664606107033782,0.8954352597031983,0.0027654292,-0.006435131,0.09171622,-0.0010060343,-0.011946842,-0.0064843004,2.2022754e-13,0.00020091844,-0.0087394025,0.0019234605,0.9999924792658121,-0.0010566904909108474,0.003731597113922907,0.0020473656589360223,0.9610057182852525,-0.2765209173225497,-0.003293889140943976,0.2765264776260171,0.9610006542485156,left_images/camera_left_23.png,right_images/camera_right_23.png
2025-05-30 16:03:34,1.4139795303344727,24,-0.01943315,-0.01303296,0.11286175,0.021856247,0.07433425,0.080989696,1.0471799,0.060870018,0.00012584083,0.0016777162,0.8947382194733331,-0.013012087264944456,0.44640139358955727,-0.016826184435663572,0.9978834963074988,0.0628124773787725,-0.4462739048286673,-0.06371195635146708,0.8926255589477831,0.022480179,-0.0100709805,0.11228275,-0.047768828,0.070838444,-0.09244123,1.047179,-0.060933407,-0.00018117236,0.0023194486,0.8977299898139389,-0.009142931918744112,-0.44045121430709483,0.04194583270086272,0.9970164292437479,0.06479804732457518,0.4385446528093763,-0.07664624331287125,0.8954350567619785,0.0027654292,-0.006435131,0.09171622,-0.0010060495,-0.011946786,-0.006484316,2.1932971e-13,0.00020091844,-0.0087394025,0.0019234605,0.9999924792658121,-0.0010566904909108474,0.003731597113922907,0.0020473656589360223,0.9610057182852525,-0.2765209173225497,-0.003293889140943976,0.2765264776260171,0.9610006542485156,left_images/camera_left_24.png,right_images/camera_right_24.png
2025-05-30 16:03:34,1.4778456687927246,25,-0.019438546,-0.012994805,0.11285909,0.021902055,0.07429794,0.08099311,1.0471799,0.06087096,0.000121979916,0.001680267,0.8947366331781937,-0.012974128618562052,0.446405677871081,-0.01687150366259529,0.9978823982640332,0.06281776499513791,-0.4462753741952533,-0.06373689058473397,0.8926230442720355,0.022480214,-0.01007087,0.11228275,-0.047768828,0.07083822,-0.09244123,1.047179,-0.060933407,-0.00018116637,0.0023194533,0.8977298861213265,-0.009143046342165596,-0.4404514232786348,0.04194581354430161,0.9970164520916049,0.06479770817532882,0.4385448669072491,-0.07664593245732876,0.8954349785143809,0.0027654292,-0.0064351438,0.09171622,-0.001006064,-0.011946786,-0.006484352,2.4279003e-12,0.00020091844,-0.0087394025,0.0019234605,0.9999924792658121,-0.0010566904909108474,0.003731597113922907,0.0020473656589360223,0.9610057182852525,-0.2765209173225497,-0.003293889140943976,0.2765264776260171,0.9610006542485156,left_images/camera_left_25.png,right_images/camera_right_25.png
2025-05-30 16:03:34,1.5344150066375732,26,-0.019338543,-0.013189942,0.11286641,0.022746593,0.07567213,0.080271944,1.0471802,0.06087039,0.00011904468,0.0016732989,0.8944388265390456,-0.012857335671938436,0.44700545242633727,-0.017663849648159192,0.9977907158650283,0.06404432644006672,-0.44684132977496904,-0.06517956929110302,0.892235646985685,0.022480123,-0.010070941,0.11228275,-0.047768828,0.070838444,-0.09244123,1.047179,-0.060933582,-0.0001810033,0.002319443,0.8977301804136069,-0.009142963485517581,-0.44045082517036505,0.041945752727599775,0.9970164429642595,0.06479788798263812,0.43854427028826637,-0.07664606107033782,0.8954352597031983,0.0027654292,-0.006435158,0.09171622,-0.0010060786,-0.011946786,-0.006484388,2.4398292e-12,0.00020090611,-0.008739477,0.0019235229,0.9999924797986243,-0.0010566480877108211,0.0037314663360336468,0.0020472906474899013,0.9610055587184076,-0.27652147242723474,-0.0032937740060477263,0.2765270323262085,0.9610004950288304,left_images/camera_left_26.png,right_images/camera_right_26.png
2025-05-30 16:03:34,1.5867938995361328,27,-0.019369163,-0.013158953,0.11286642,0.022545323,0.07531421,0.08047185,1.0471799,0.060869217,0.00012209837,0.0016737208,0.8945193813292052,-0.012862050513092499,0.4468440937094446,-0.01747674674453324,0.9978155840206634,0.06370732774752136,-0.4466874071984162,-0.06479682046290014,0.8923405920993706,0.022480227,-0.010070656,0.11228275,-0.047768828,0.07083822,-0.09244123,1.047179,-0.060933452,-0.00018106494,0.0023194486,0.8977299670359418,-0.009142831490619497,-0.4404512628180113,0.04194568253630582,0.9970164412995532,0.06479795903373642,0.43854471380032634,-0.0766460984702318,0.8954350392893284,0.0027654292,-0.0064351596,0.09171622,-0.0010060786,-0.011946786,-0.0064844214,1.0099137e-12,0.00020090611,-0.008739477,0.0019235229,0.9999924797986243,-0.0010566480877108211,0.0037314663360336468,0.0020472906474899013,0.9610055587184076,-0.27652147242723474,-0.0032937740060477263,0.2765270323262085,0.9610004950288304,left_images/camera_left_27.png,right_images/camera_right_27.png
2025-05-30 16:03:34,1.6362998485565186,28,-0.019407138,-0.013108952,0.112863354,0.02240044,0.075024664,0.08062929,1.0471799,0.06086847,0.00012172811,0.0016774694,0.894576486865144,-0.01286365569140037,0.446729711917922,-0.017342047234064087,0.9978336789336676,0.06346024411734937,-0.4465782826624555,-0.06451725000304327,0.8924154648515996,0.022480227,-0.010070433,0.11228275,-0.047768828,0.07083822,-0.09244123,1.047179,-0.060933437,-0.00018114244,0.0023194533,0.8977299191277152,-0.009142696953838018,-0.4404513632574616,0.04194579249895075,0.997016403519994,0.06479846914620417,0.43854480135395635,-0.07664660595529908,0.8954349529703161,0.0027654292,-0.0064351596,0.09171622,-0.0010060786,-0.011946786,-0.006484455,6.2582594e-13,0.00020090611,-0.008739477,0.0019235229,0.9999924797986243,-0.0010566480877108211,0.0037314663360336468,0.0020472906474899013,0.9610055587184076,-0.27652147242723474,-0.0032937740060477263,0.2765270323262085,0.9610004950288304,left_images/camera_left_28.png,right_images/camera_right_28.png
2025-05-30 16:03:34,1.6915152072906494,29,-0.019301081,-0.013362598,0.11286761,0.02352734,0.0768306,0.079683565,1.0471802,0.06086791,0.0001172772,0.0016744193,0.8941730381031574,-0.012698953180730124,0.4475414109526435,-0.018401498599773906,0.9977106580771599,0.06507555307888566,-0.4473432270401015,-0.06642423764977637,0.8918922905115808,0.02248012,-0.010070412,0.11228275,-0.047768828,0.07083822,-0.09244123,1.047179,-0.060933538,-0.00018114003,0.002319416,0.8977301723187522,-0.009142766716748442,-0.44045084575387783,0.04194583155071908,0.9970164004479254,0.06479849113506098,0.4385442793197306,-0.07664663759503734,0.8954352059313464,0.0027654292,-0.0064351596,0.09171622,-0.0010060786,-0.011946786,-0.0064844885,6.137782e-13,0.00020090611,-0.008739477,0.0019235229,0.9999924797986243,-0.0010566480877108211,0.0037314663360336468,0.0020472906474899013,0.9610055587184076,-0.27652147242723474,-0.0032937740060477263,0.2765270323262085,0.9610004950288304,left_images/camera_left_29.png,right_images/camera_right_29.png
2025-05-30 16:03:34,1.7496223449707031,30,-0.01931573,-0.01329989,0.11287024,0.023126153,0.076218806,0.080005705,1.0471799,0.06086803,0.000121408724,0.0016707629,0.8943203724738465,-0.01275828872691973,0.44724523188850296,-0.018024177440394633,0.9977546715983555,0.06450383191140474,-0.44706397797836206,-0.0657483183999267,0.8920823718815121,0.022480177,-0.010070395,0.11228275,-0.047768828,0.07083822,-0.09244123,1.047179,-0.060933437,-0.00018114244,0.0023194533,0.8977299191277152,-0.009142696953838018,-0.4404513632574616,0.04194579249895075,0.997016403519994,0.06479846914620417,0.43854480135395635,-0.07664660595529908,0.8954349529703161,0.0027654292,-0.0064351596,0.09171622,-0.0010060786,-0.011946786,-0.006484522,6.103978e-13,0.00020090611,-0.008739477,0.0019235229,0.9999924797986243,-0.0010566480877108211,0.0037314663360336468,0.0020472906474899013,0.9610055587184076,-0.27652147242723474,-0.0032937740060477263,0.2765270323262085,0.9610004950288304,left_images/camera_left_30.png,right_images/camera_right_30.png
2025-05-30 16:03:34,1.802901268005371,31,-0.01937889,-0.013228951,0.11286349,0.02282522,0.07567606,0.08030013,1.0471799,0.060868133,0.0001234755,0.0016781297,0.8944312519280156,-0.012774846173602012,0.44702297354803083,-0.017743353727321175,0.9977910921266445,0.0640164812468256,-0.44685334168269325,-0.06519002820952621,0.8922288670789863,0.022480205,-0.010070377,0.11228275,-0.047768828,0.07083822,-0.09244123,1.047179,-0.060933437,-0.00018114244,0.0023194533,0.8977299191277152,-0.009142696953838018,-0.4404513632574616,0.04194579249895075,0.997016403519994,0.06479846914620417,0.43854480135395635,-0.07664660595529908,0.8954349529703161,0.0027654292,-0.0064351596,0.09171622,-0.0010060786,-0.011946786,-0.0064845555,6.1300953e-13,0.00020090611,-0.008739477,0.0019235229,0.9999924797986243,-0.0010566480877108211,0.0037314663360336468,0.0020472906474899013,0.9610055587184076,-0.27652147242723474,-0.0032937740060477263,0.2765270323262085,0.9610004950288304,left_images/camera_left_31.png,right_images/camera_right_31.png
2025-05-30 16:03:34,1.8565528392791748,32,-0.019359322,-0.01324428,0.112861335,0.023035094,0.07594516,0.080139965,1.04718,0.06086961,0.000120108714,0.0016801264,0.8943635676003426,-0.01272569941769282,0.4471597762808256,-0.017942552926107587,0.9977704350685691,0.06428237470389693,-0.4469808427032207,-0.06551500192634442,0.8921411944187477,0.02248012,-0.010070377,0.11228275,-0.047768828,0.07083822,-0.09244123,1.047179,-0.060933538,-0.00018114003,0.002319416,0.8977301723187522,-0.009142766716748442,-0.44045084575387783,0.04194583155071908,0.9970164004479254,0.06479849113506098,0.4385442793197306,-0.07664663759503734,0.8954352059313464,0.0027654292,-0.0064351596,0.09171622,-0.0010060786,-0.011946786,-0.006484589,6.1870555e-13,0.00020090611,-0.008739477,0.0019235229,0.9999924797986243,-0.0010566480877108211,0.0037314663360336468,0.0020472906474899013,0.9610055587184076,-0.27652147242723474,-0.0032937740060477263,0.2765270323262085,0.9610004950288304,left_images/camera_left_32.png,right_images/camera_right_32.png
2025-05-30 16:03:34,1.9219107627868652,33,-0.01931744,-0.013286244,0.11286731,0.02311178,0.07627441,0.07996793,1.04718,0.060869236,0.000118911674,0.0016735699,0.8943030142205282,-0.012806339804101747,0.44727856690981754,-0.018006952597561927,0.9977506406871973,0.06457095838251835,-0.44709939433444484,-0.06580012666484493,0.8920608022532227,0.022480177,-0.010070359,0.11228275,-0.047768828,0.07083822,-0.09244123,1.047179,-0.060933437,-0.00018114244,0.0023194533,0.8977299191277152,-0.009142696953838018,-0.4404513632574616,0.04194579249895075,0.997016403519994,0.06479846914620417,0.43854480135395635,-0.07664660595529908,0.8954349529703161,0.0027654292,-0.0064351712,0.09171622,-0.001006082,-0.011946758,-0.0064845574,7.381199e-12,0.0002009109,-0.008739487,0.0019235238,0.9999924806513415,-0.001056636545638448,0.0037312410785981954,0.002047215710993204,0.9610056893357772,-0.2765210190421337,-0.0032935616904591243,0.2765265784395378,0.9610006263618734,left_images/camera_left_33.png,right_images/camera_right_33.png
2025-05-30 16:03:34,1.9864528179168701,34,-0.019430595,-0.013046882,0.112862065,0.0219297,0.07447341,0.08091827,1.0471799,0.060869444,0.00012504106,0.0016777394,0.8947057657112798,-0.013014056820707727,0.44646637849681375,-0.01689374670007859,0.9978742164053741,0.06294163610674998,-0.4463364136225347,-0.06385673463643705,0.892583958693044,0.022480205,-0.010070342,0.11228275,-0.047768828,0.07083822,-0.09244123,1.047179,-0.060933437,-0.00018114244,0.0023194533,0.8977299191277152,-0.009142696953838018,-0.4404513632574616,0.04194579249895075,0.997016403519994,0.06479846914620417,0.43854480135395635,-0.07664660595529908,0.8954349529703161,0.0027654292,-0.0064351717,0.09171622,-0.001006082,-0.011946758,-0.0064845853,1.4938925e-12,0.0002009109,-0.008739487,0.0019235238,0.9999924806513415,-0.001056636545638448,0.0037312410785981954,0.002047215710993204,0.9610056893357772,-0.2765210190421337,-0.0032935616904591243,0.2765265784395378,0.9610006263618734,left_images/camera_left_34.png,right_images/camera_right_34.png
2025-05-30 16:03:34,2.0528624057769775,35,-0.019443609,-0.013003326,0.11285956,0.021891143,0.07443803,0.080926985,1.0471799,0.060869638,0.00012054114,0.001680566,0.8947051653811453,-0.01305190517297169,0.4464664766941107,-0.016854000814343406,0.9978745783214866,0.06294655348996539,-0.4463391196129321,-0.06384335291219218,0.8925835628063524,0.02248012,-0.010070342,0.11228275,-0.047768828,0.07083822,-0.09244123,1.047179,-0.060933538,-0.00018114003,0.002319416,0.8977301723187522,-0.009142766716748442,-0.44045084575387783,0.04194583155071908,0.9970164004479254,0.06479849113506098,0.4385442793197306,-0.07664663759503734,0.8954352059313464,0.0027654292,-0.0064351717,0.09171622,-0.0010060673,-0.011946758,-0.0064845434,7.386136e-12,0.0002009109,-0.008739487,0.0019235238,0.9999924806513415,-0.001056636545638448,0.0037312410785981954,0.002047215710993204,0.9610056893357772,-0.2765210190421337,-0.0032935616904591243,0.2765265784395378,0.9610006263618734,left_images/camera_left_35.png,right_images/camera_right_35.png
2025-05-30 16:03:34,2.1161792278289795,36,-0.01935267,-0.013188452,0.1128651,0.022679305,0.07578782,0.08021647,1.0471802,0.06086937,0.000116663636,0.0016756086,0.894409002450622,-0.012976281222748168,0.4470616875341825,-0.01759113765072968,0.9977848953576081,0.06415492555026518,-0.44690389147045473,-0.06524506664748793,0.8921995253679127,0.022480177,-0.010070324,0.11228275,-0.047768828,0.07083822,-0.09244123,1.047179,-0.060933437,-0.00018114244,0.0023194533,0.8977299191277152,-0.009142696953838018,-0.4404513632574616,0.04194579249895075,0.997016403519994,0.06479846914620417,0.43854480135395635,-0.07664660595529908,0.8954349529703161,0.0027654292,-0.0064351717,0.09171622,-0.0010060673,-0.011946758,-0.0064845714,1.6942528e-12,0.0002009109,-0.008739487,0.0019235238,0.9999924806513415,-0.001056636545638448,0.0037312410785981954,0.002047215710993204,0.9610056893357772,-0.2765210190421337,-0.0032935616904591243,0.2765265784395378,0.9610006263618734,left_images/camera_left_36.png,right_images/camera_right_36.png
2025-05-30 16:03:34,2.168095827102661,37,-0.019383172,-0.013169827,0.11286438,0.022426333,0.075446695,0.08041328,1.04718,0.060868464,0.00012105011,0.0016766395,0.8944890128848213,-0.013027280214130911,0.44690009599300873,-0.01735239110283994,0.9978106803976131,0.06381802729218737,-0.44675306417679106,-0.06483930948641266,0.8923046360935111,0.02248064,-0.010067324,0.11228275,-0.047801297,0.07081516,-0.0924511,1.047179,-0.060933363,-0.00018125624,0.0023193453,0.8977329935698147,-0.009180690653664666,-0.44044430655339456,0.04197922093286041,0.9970160708733808,0.06478193752949712,0.438535309030013,-0.07664639156103364,0.8954396201836412,0.0027654292,-0.0064351717,0.09171622,-0.0010060673,-0.011946758,-0.0064845993,3.0492628e-13,0.000200906,-0.008739487,0.0019235238,0.9999924788550922,-0.0010566677255131177,0.003731713623227061,0.002047376345391005,0.9610056892189914,-0.2765210182587062,-0.003294007187037223,0.2765265787262578,0.9610006247524517,left_images/camera_left_37.png,right_images/camera_right_37.png
